tm,MVm,PVm
0.000000000000000000e+00,0.000000000000000000e+00,0.000000000000000000e+00
1.000000000000000000e+00,1.000000000000000000e+00,-1.600000000000001378e-03
2.000000000000000000e+00,1.000000000000000000e+00,0.000000000000000000e+00
3.000000000000000000e+00,1.000000000000000000e+00,-2.400000000000090863e-03
4.000000000000000000e+00,1.000000000000000000e+00,-4.025000000000033759e-03
5.000000000000000000e+00,1.000000000000000000e+00,-7.249999999999978684e-03
6.000000000000000000e+00,1.000000000000000000e+00,-2.400000000000090863e-03
7.000000000000000000e+00,1.000000000000000000e+00,-3.200000000000002755e-03
8.000000000000000000e+00,1.000000000000000000e+00,-2.400000000000090863e-03
9.000000000000000000e+00,1.000000000000000000e+00,-1.600000000000001378e-03
1.000000000000000000e+01,1.000000000000000000e+00,-3.200000000000002755e-03
1.100000000000000000e+01,1.000000000000000000e+00,-4.824999999999945652e-03
1.200000000000000000e+01,1.000000000000000000e+00,-1.600000000000001378e-03
1.300000000000000000e+01,1.000000000000000000e+00,-1.600000000000001378e-03
1.400000000000000000e+01,1.000000000000000000e+00,0.000000000000000000e+00
1.500000000000000000e+01,1.000000000000000000e+00,0.000000000000000000e+00
1.600000000000000000e+01,1.000000000000000000e+00,0.000000000000000000e+00
1.700000000000000000e+01,1.000000000000000000e+00,0.000000000000000000e+00
1.800000000000000000e+01,1.000000000000000000e+00,0.000000000000000000e+00
1.900000000000000000e+01,1.000000000000000000e+00,0.000000000000000000e+00
2.000000000000000000e+01,1.000000000000000000e+00,0.000000000000000000e+00
2.100000000000000000e+01,1.000000000000000000e+00,0.000000000000000000e+00
2.200000000000000000e+01,1.000000000000000000e+00,1.624999999999943113e-03
2.300000000000000000e+01,1.000000000000000000e+00,4.049999999999975495e-03
2.400000000000000000e+01,1.000000000000000000e+00,4.049999999999975495e-03
2.500000000000000000e+01,1.000000000000000000e+00,4.850000000000065196e-03
2.600000000000000000e+01,1.000000000000000000e+00,6.450000000000066791e-03
2.700000000000000000e+01,1.000000000000000000e+00,8.075000000000009254e-03
2.800000000000000000e+01,1.000000000000000000e+00,8.075000000000009254e-03
2.900000000000000000e+01,1.000000000000000000e+00,8.075000000000009254e-03
3.000000000000000000e+01,1.000000000000000000e+00,8.075000000000009254e-03
3.100000000000000000e+01,1.000000000000000000e+00,8.874999999999921146e-03
3.200000000000000000e+01,1.000000000000000000e+00,1.129999999999995418e-02
3.300000000000000000e+01,1.000000000000000000e+00,8.874999999999921146e-03
3.400000000000000000e+01,1.000000000000000000e+00,1.210000000000004475e-02
3.500000000000000000e+01,1.000000000000000000e+00,1.452499999999989910e-02
3.600000000000000000e+01,1.000000000000000000e+00,1.612499999999989983e-02
3.700000000000000000e+01,1.000000000000000000e+00,1.612499999999989983e-02
3.800000000000000000e+01,1.000000000000000000e+00,1.612499999999989983e-02
3.900000000000000000e+01,1.000000000000000000e+00,1.612499999999989983e-02
4.000000000000000000e+01,1.000000000000000000e+00,1.772499999999990056e-02
4.100000000000000000e+01,1.000000000000000000e+00,1.692499999999998866e-02
4.200000000000000000e+01,1.000000000000000000e+00,2.337500000000005546e-02
4.300000000000000000e+01,1.000000000000000000e+00,2.417499999999996735e-02
4.400000000000000000e+01,1.000000000000000000e+00,2.417499999999996735e-02
4.500000000000000000e+01,1.000000000000000000e+00,2.417499999999996735e-02
4.600000000000000000e+01,1.000000000000000000e+00,2.417499999999996735e-02
4.700000000000000000e+01,1.000000000000000000e+00,2.739999999999991401e-02
4.800000000000000000e+01,1.000000000000000000e+00,3.224999999999998007e-02
4.900000000000000000e+01,1.000000000000000000e+00,3.224999999999998007e-02
5.000000000000000000e+01,1.000000000000000000e+00,3.224999999999998007e-02
5.100000000000000000e+01,1.000000000000000000e+00,3.224999999999998007e-02
5.200000000000000000e+01,1.000000000000000000e+00,3.305000000000006544e-02
5.300000000000000000e+01,1.000000000000000000e+00,3.544999999999998153e-02
5.400000000000000000e+01,1.000000000000000000e+00,4.030000000000004412e-02
5.500000000000000000e+01,1.000000000000000000e+00,4.030000000000004412e-02
5.600000000000000000e+01,1.000000000000000000e+00,4.030000000000004412e-02
5.700000000000000000e+01,1.000000000000000000e+00,4.109999999999995601e-02
5.800000000000000000e+01,1.000000000000000000e+00,4.190000000000004832e-02
5.900000000000000000e+01,1.000000000000000000e+00,4.674999999999993744e-02
6.000000000000000000e+01,1.000000000000000000e+00,4.834999999999993470e-02
6.100000000000000000e+01,1.000000000000000000e+00,4.834999999999993470e-02
6.200000000000000000e+01,1.000000000000000000e+00,4.834999999999993470e-02
6.300000000000000000e+01,1.000000000000000000e+00,4.997500000000006104e-02
6.400000000000000000e+01,1.000000000000000000e+00,5.399999999999991612e-02
6.500000000000000000e+01,1.000000000000000000e+00,5.640000000000000568e-02
6.600000000000000000e+01,1.000000000000000000e+00,5.640000000000000568e-02
6.700000000000000000e+01,1.000000000000000000e+00,5.640000000000000568e-02
6.800000000000000000e+01,1.000000000000000000e+00,5.802499999999995162e-02
6.900000000000000000e+01,1.000000000000000000e+00,6.124999999999989481e-02
7.000000000000000000e+01,1.000000000000000000e+00,6.447500000000001841e-02
7.100000000000000000e+01,1.000000000000000000e+00,6.447500000000001841e-02
7.200000000000000000e+01,1.000000000000000000e+00,6.447500000000001841e-02
7.300000000000000000e+01,1.000000000000000000e+00,6.447500000000001841e-02
7.400000000000000000e+01,1.000000000000000000e+00,7.089999999999996305e-02
7.500000000000000000e+01,1.000000000000000000e+00,7.252499999999990898e-02
7.600000000000000000e+01,1.000000000000000000e+00,7.252499999999990898e-02
7.700000000000000000e+01,1.000000000000000000e+00,7.252499999999990898e-02
7.800000000000000000e+01,1.000000000000000000e+00,7.494999999999993334e-02
7.900000000000000000e+01,1.000000000000000000e+00,7.977500000000006808e-02
8.000000000000000000e+01,1.000000000000000000e+00,8.057499999999997997e-02
8.100000000000000000e+01,1.000000000000000000e+00,8.057499999999997997e-02
8.200000000000000000e+01,1.000000000000000000e+00,8.137500000000005840e-02
8.300000000000000000e+01,1.000000000000000000e+00,8.057499999999997997e-02
8.400000000000000000e+01,1.000000000000000000e+00,8.137500000000005840e-02
8.500000000000000000e+01,1.000000000000000000e+00,8.782499999999995866e-02
8.600000000000000000e+01,1.000000000000000000e+00,8.862500000000003708e-02
8.700000000000000000e+01,1.000000000000000000e+00,8.862500000000003708e-02
8.800000000000000000e+01,1.000000000000000000e+00,9.104999999999989491e-02
8.900000000000000000e+01,1.000000000000000000e+00,9.427500000000002545e-02
9.000000000000000000e+01,1.000000000000000000e+00,9.670000000000004980e-02
9.100000000000000000e+01,1.000000000000000000e+00,9.670000000000004980e-02
9.200000000000000000e+01,1.000000000000000000e+00,9.670000000000004980e-02
9.300000000000000000e+01,1.000000000000000000e+00,9.670000000000004980e-02
9.400000000000000000e+01,1.000000000000000000e+00,1.031249999999999944e-01
9.500000000000000000e+01,1.000000000000000000e+00,1.047499999999999404e-01
9.600000000000000000e+01,1.000000000000000000e+00,1.047499999999999404e-01
9.700000000000000000e+01,1.000000000000000000e+00,1.047499999999999404e-01
9.800000000000000000e+01,1.000000000000000000e+00,1.055500000000000327e-01
9.900000000000000000e+01,1.000000000000000000e+00,1.128000000000000114e-01
1.000000000000000000e+02,1.000000000000000000e+00,1.128000000000000114e-01
1.010000000000000000e+02,1.000000000000000000e+00,1.128000000000000114e-01
1.020000000000000000e+02,1.000000000000000000e+00,1.128000000000000114e-01
1.030000000000000000e+02,1.000000000000000000e+00,1.128000000000000114e-01
1.040000000000000000e+02,1.000000000000000000e+00,1.168250000000000399e-01
1.050000000000000000e+02,1.000000000000000000e+00,1.200499999999999901e-01
1.060000000000000000e+02,1.000000000000000000e+00,1.200499999999999901e-01
1.070000000000000000e+02,1.000000000000000000e+00,1.208499999999999019e-01
1.080000000000000000e+02,1.000000000000000000e+00,1.208499999999999019e-01
1.090000000000000000e+02,1.000000000000000000e+00,1.208499999999999019e-01
1.100000000000000000e+02,1.000000000000000000e+00,1.240750000000000186e-01
1.110000000000000000e+02,1.000000000000000000e+00,1.289249999999999008e-01
1.120000000000000000e+02,1.000000000000000000e+00,1.289249999999999008e-01
1.130000000000000000e+02,1.000000000000000000e+00,1.289249999999999008e-01
1.140000000000000000e+02,1.000000000000000000e+00,1.289249999999999008e-01
1.150000000000000000e+02,1.000000000000000000e+00,1.329499999999999571e-01
1.160000000000000000e+02,1.000000000000000000e+00,1.369749999999999857e-01
1.170000000000000000e+02,1.000000000000000000e+00,1.369749999999999857e-01
1.180000000000000000e+02,1.000000000000000000e+00,1.369749999999999857e-01
1.190000000000000000e+02,1.000000000000000000e+00,1.369749999999999857e-01
1.200000000000000000e+02,1.000000000000000000e+00,1.369749999999999857e-01
1.210000000000000000e+02,1.000000000000000000e+00,1.410000000000000142e-01
1.220000000000000000e+02,1.000000000000000000e+00,1.442249999999999643e-01
1.230000000000000000e+02,1.000000000000000000e+00,1.450250000000000428e-01
1.240000000000000000e+02,1.000000000000000000e+00,1.450250000000000428e-01
1.250000000000000000e+02,1.000000000000000000e+00,1.450250000000000428e-01
1.260000000000000000e+02,1.000000000000000000e+00,1.450250000000000428e-01
1.270000000000000000e+02,1.000000000000000000e+00,1.474499999999999145e-01
1.280000000000000000e+02,1.000000000000000000e+00,1.498749999999999249e-01
1.290000000000000000e+02,1.000000000000000000e+00,1.531000000000000694e-01
1.300000000000000000e+02,1.000000000000000000e+00,1.554999999999999716e-01
1.310000000000000000e+02,1.000000000000000000e+00,1.611499999999999599e-01
1.320000000000000000e+02,1.000000000000000000e+00,1.611499999999999599e-01
1.330000000000000000e+02,1.000000000000000000e+00,1.619500000000000384e-01
1.340000000000000000e+02,1.000000000000000000e+00,1.683999999999999386e-01
1.350000000000000000e+02,1.000000000000000000e+00,1.692000000000000171e-01
1.360000000000000000e+02,1.000000000000000000e+00,1.692000000000000171e-01
1.370000000000000000e+02,1.000000000000000000e+00,1.692000000000000171e-01
1.380000000000000000e+02,1.000000000000000000e+00,1.692000000000000171e-01
1.390000000000000000e+02,1.000000000000000000e+00,1.692000000000000171e-01
1.400000000000000000e+02,1.000000000000000000e+00,1.692000000000000171e-01
1.410000000000000000e+02,1.000000000000000000e+00,1.692000000000000171e-01
1.420000000000000000e+02,1.000000000000000000e+00,1.699999999999999289e-01
1.430000000000000000e+02,1.000000000000000000e+00,1.708249999999999491e-01
1.440000000000000000e+02,1.000000000000000000e+00,1.692000000000000171e-01
1.450000000000000000e+02,1.000000000000000000e+00,1.692000000000000171e-01
1.460000000000000000e+02,1.000000000000000000e+00,1.724249999999999672e-01
1.470000000000000000e+02,1.000000000000000000e+00,1.732250000000000456e-01
1.480000000000000000e+02,1.000000000000000000e+00,1.748500000000000054e-01
1.490000000000000000e+02,1.000000000000000000e+00,1.748500000000000054e-01
1.500000000000000000e+02,1.000000000000000000e+00,1.772499999999999076e-01
1.510000000000000000e+02,1.000000000000000000e+00,1.772499999999999076e-01
1.520000000000000000e+02,1.000000000000000000e+00,1.772499999999999076e-01
1.530000000000000000e+02,1.000000000000000000e+00,1.772499999999999076e-01
1.540000000000000000e+02,1.000000000000000000e+00,1.772499999999999076e-01
1.550000000000000000e+02,1.000000000000000000e+00,1.780749999999999278e-01
1.560000000000000000e+02,1.000000000000000000e+00,1.812749999999999362e-01
1.570000000000000000e+02,1.000000000000000000e+00,1.820999999999999841e-01
1.580000000000000000e+02,1.000000000000000000e+00,1.853249999999999065e-01
1.590000000000000000e+02,1.000000000000000000e+00,1.845000000000000528e-01
1.600000000000000000e+02,1.000000000000000000e+00,1.853249999999999065e-01
1.610000000000000000e+02,1.000000000000000000e+00,1.853249999999999065e-01
1.620000000000000000e+02,1.000000000000000000e+00,1.853249999999999065e-01
1.630000000000000000e+02,1.000000000000000000e+00,1.853249999999999065e-01
1.640000000000000000e+02,1.000000000000000000e+00,1.877250000000000030e-01
1.650000000000000000e+02,1.000000000000000000e+00,1.885500000000000509e-01
1.660000000000000000e+02,1.000000000000000000e+00,1.933749999999999913e-01
1.670000000000000000e+02,1.000000000000000000e+00,1.917500000000000315e-01
1.680000000000000000e+02,1.000000000000000000e+00,1.933749999999999913e-01
1.690000000000000000e+02,1.000000000000000000e+00,1.933749999999999913e-01
1.700000000000000000e+02,1.000000000000000000e+00,1.933749999999999913e-01
1.710000000000000000e+02,1.000000000000000000e+00,1.933749999999999913e-01
1.720000000000000000e+02,1.000000000000000000e+00,1.998250000000000581e-01
1.730000000000000000e+02,1.000000000000000000e+00,2.006249999999999700e-01
1.740000000000000000e+02,1.000000000000000000e+00,2.014250000000000485e-01
1.750000000000000000e+02,1.000000000000000000e+00,2.014250000000000485e-01
1.760000000000000000e+02,1.000000000000000000e+00,2.014250000000000485e-01
1.770000000000000000e+02,1.000000000000000000e+00,2.014250000000000485e-01
1.780000000000000000e+02,1.000000000000000000e+00,2.022249999999999603e-01
1.790000000000000000e+02,1.000000000000000000e+00,2.054499999999999105e-01
1.800000000000000000e+02,1.000000000000000000e+00,2.094749999999999390e-01
1.810000000000000000e+02,1.000000000000000000e+00,2.094749999999999390e-01
1.820000000000000000e+02,1.000000000000000000e+00,2.094749999999999390e-01
1.830000000000000000e+02,1.000000000000000000e+00,2.094749999999999390e-01
1.840000000000000000e+02,1.000000000000000000e+00,2.094749999999999390e-01
1.850000000000000000e+02,1.000000000000000000e+00,2.094749999999999390e-01
1.860000000000000000e+02,1.000000000000000000e+00,2.102999999999999869e-01
1.870000000000000000e+02,1.000000000000000000e+00,2.102999999999999869e-01
1.880000000000000000e+02,1.000000000000000000e+00,2.094749999999999390e-01
1.890000000000000000e+02,1.000000000000000000e+00,2.094749999999999390e-01
1.900000000000000000e+02,1.000000000000000000e+00,2.127000000000000557e-01
1.910000000000000000e+02,1.000000000000000000e+00,2.159250000000000058e-01
1.920000000000000000e+02,1.000000000000000000e+00,2.151249999999999274e-01
1.930000000000000000e+02,1.000000000000000000e+00,2.151249999999999274e-01
1.940000000000000000e+02,1.000000000000000000e+00,2.175499999999999656e-01
1.950000000000000000e+02,1.000000000000000000e+00,2.175499999999999656e-01
1.960000000000000000e+02,1.000000000000000000e+00,2.175499999999999656e-01
1.970000000000000000e+02,1.000000000000000000e+00,2.175499999999999656e-01
1.980000000000000000e+02,1.000000000000000000e+00,2.175499999999999656e-01
1.990000000000000000e+02,1.000000000000000000e+00,2.207749999999998880e-01
2.000000000000000000e+02,1.000000000000000000e+00,2.256000000000000227e-01
2.010000000000000000e+02,1.000000000000000000e+00,2.256000000000000227e-01
2.020000000000000000e+02,1.000000000000000000e+00,2.256000000000000227e-01
2.030000000000000000e+02,1.000000000000000000e+00,2.256000000000000227e-01
2.040000000000000000e+02,1.000000000000000000e+00,2.256000000000000227e-01
2.050000000000000000e+02,1.000000000000000000e+00,2.256000000000000227e-01
2.060000000000000000e+02,1.000000000000000000e+00,2.256000000000000227e-01
2.070000000000000000e+02,1.000000000000000000e+00,2.263999999999999346e-01
2.080000000000000000e+02,1.000000000000000000e+00,2.312500000000000111e-01
2.090000000000000000e+02,1.000000000000000000e+00,2.336499999999999133e-01
2.100000000000000000e+02,1.000000000000000000e+00,2.336499999999999133e-01
2.110000000000000000e+02,1.000000000000000000e+00,2.336499999999999133e-01
2.120000000000000000e+02,1.000000000000000000e+00,2.336499999999999133e-01
2.130000000000000000e+02,1.000000000000000000e+00,2.336499999999999133e-01
2.140000000000000000e+02,1.000000000000000000e+00,2.344499999999999917e-01
2.150000000000000000e+02,1.000000000000000000e+00,2.368750000000000300e-01
2.160000000000000000e+02,1.000000000000000000e+00,2.408999999999998920e-01
2.170000000000000000e+02,1.000000000000000000e+00,2.416999999999999704e-01
2.180000000000000000e+02,1.000000000000000000e+00,2.416999999999999704e-01
2.190000000000000000e+02,1.000000000000000000e+00,2.416999999999999704e-01
2.200000000000000000e+02,1.000000000000000000e+00,2.416999999999999704e-01
2.210000000000000000e+02,1.000000000000000000e+00,2.416999999999999704e-01
2.220000000000000000e+02,1.000000000000000000e+00,2.425250000000000183e-01
2.230000000000000000e+02,1.000000000000000000e+00,2.449249999999999206e-01
2.240000000000000000e+02,1.000000000000000000e+00,2.497749999999999970e-01
2.250000000000000000e+02,1.000000000000000000e+00,2.497749999999999970e-01
2.260000000000000000e+02,1.000000000000000000e+00,2.497749999999999970e-01
2.270000000000000000e+02,1.000000000000000000e+00,2.497749999999999970e-01
2.280000000000000000e+02,1.000000000000000000e+00,2.497749999999999970e-01
2.290000000000000000e+02,1.000000000000000000e+00,2.497749999999999970e-01
2.300000000000000000e+02,1.000000000000000000e+00,2.497749999999999970e-01
2.310000000000000000e+02,1.000000000000000000e+00,2.505749999999998812e-01
2.320000000000000000e+02,1.000000000000000000e+00,2.529999999999999472e-01
2.330000000000000000e+02,1.000000000000000000e+00,2.570249999999999480e-01
2.340000000000000000e+02,1.000000000000000000e+00,2.578250000000000819e-01
2.350000000000000000e+02,1.000000000000000000e+00,2.578250000000000819e-01
2.360000000000000000e+02,1.000000000000000000e+00,2.578250000000000819e-01
2.370000000000000000e+02,1.000000000000000000e+00,2.578250000000000819e-01
2.380000000000000000e+02,1.000000000000000000e+00,2.570249999999999480e-01
2.390000000000000000e+02,1.000000000000000000e+00,2.578250000000000819e-01
2.400000000000000000e+02,1.000000000000000000e+00,2.578250000000000819e-01
2.410000000000000000e+02,1.000000000000000000e+00,2.578250000000000819e-01
2.420000000000000000e+02,1.000000000000000000e+00,2.578250000000000819e-01
2.430000000000000000e+02,1.000000000000000000e+00,2.578250000000000819e-01
2.440000000000000000e+02,1.000000000000000000e+00,2.578250000000000819e-01
2.450000000000000000e+02,1.000000000000000000e+00,2.578250000000000819e-01
2.460000000000000000e+02,1.000000000000000000e+00,2.578250000000000819e-01
2.470000000000000000e+02,1.000000000000000000e+00,2.578250000000000819e-01
2.480000000000000000e+02,1.000000000000000000e+00,2.578250000000000819e-01
2.490000000000000000e+02,1.000000000000000000e+00,2.594250000000000722e-01
2.500000000000000000e+02,1.000000000000000000e+00,2.626499999999999946e-01
2.510000000000000000e+02,1.000000000000000000e+00,2.642749999999999266e-01
2.520000000000000000e+02,1.000000000000000000e+00,2.658749999999999725e-01
2.530000000000000000e+02,1.000000000000000000e+00,2.658749999999999725e-01
2.540000000000000000e+02,1.000000000000000000e+00,2.658749999999999725e-01
2.550000000000000000e+02,1.000000000000000000e+00,2.658749999999999725e-01
2.560000000000000000e+02,1.000000000000000000e+00,2.658749999999999725e-01
2.570000000000000000e+02,1.000000000000000000e+00,2.658749999999999725e-01
2.580000000000000000e+02,1.000000000000000000e+00,2.674999999999999045e-01
2.590000000000000000e+02,1.000000000000000000e+00,2.690999999999998948e-01
2.600000000000000000e+02,1.000000000000000000e+00,2.723250000000000393e-01
2.610000000000000000e+02,1.000000000000000000e+00,2.715249999999999053e-01
2.620000000000000000e+02,1.000000000000000000e+00,2.739499999999999713e-01
2.630000000000000000e+02,1.000000000000000000e+00,2.739499999999999713e-01
2.640000000000000000e+02,1.000000000000000000e+00,2.739499999999999713e-01
2.650000000000000000e+02,1.000000000000000000e+00,2.739499999999999713e-01
2.660000000000000000e+02,1.000000000000000000e+00,2.747500000000000497e-01
2.670000000000000000e+02,1.000000000000000000e+00,2.739499999999999713e-01
2.680000000000000000e+02,1.000000000000000000e+00,2.755499999999999616e-01
2.690000000000000000e+02,1.000000000000000000e+00,2.779749999999999721e-01
2.700000000000000000e+02,1.000000000000000000e+00,2.803749999999999298e-01
2.710000000000000000e+02,1.000000000000000000e+00,2.795750000000000179e-01
2.720000000000000000e+02,1.000000000000000000e+00,2.811999999999999500e-01
2.730000000000000000e+02,1.000000000000000000e+00,2.820000000000000284e-01
2.740000000000000000e+02,1.000000000000000000e+00,2.820000000000000284e-01
2.750000000000000000e+02,1.000000000000000000e+00,2.820000000000000284e-01
2.760000000000000000e+02,1.000000000000000000e+00,2.811999999999999500e-01
2.770000000000000000e+02,1.000000000000000000e+00,2.820000000000000284e-01
2.780000000000000000e+02,1.000000000000000000e+00,2.820000000000000284e-01
2.790000000000000000e+02,1.000000000000000000e+00,2.820000000000000284e-01
2.800000000000000000e+02,1.000000000000000000e+00,2.820000000000000284e-01
2.810000000000000000e+02,1.000000000000000000e+00,2.820000000000000284e-01
2.820000000000000000e+02,1.000000000000000000e+00,2.820000000000000284e-01
2.830000000000000000e+02,1.000000000000000000e+00,2.820000000000000284e-01
2.840000000000000000e+02,1.000000000000000000e+00,2.860250000000000847e-01
2.850000000000000000e+02,1.000000000000000000e+00,2.852249999999999508e-01
2.860000000000000000e+02,1.000000000000000000e+00,2.827999999999999403e-01
2.870000000000000000e+02,1.000000000000000000e+00,2.868249999999999966e-01
2.880000000000000000e+02,1.000000000000000000e+00,2.868249999999999966e-01
2.890000000000000000e+02,1.000000000000000000e+00,2.900499999999999190e-01
2.900000000000000000e+02,1.000000000000000000e+00,2.900499999999999190e-01
2.910000000000000000e+02,1.000000000000000000e+00,2.900499999999999190e-01
2.920000000000000000e+02,1.000000000000000000e+00,2.900499999999999190e-01
2.930000000000000000e+02,1.000000000000000000e+00,2.900499999999999190e-01
2.940000000000000000e+02,1.000000000000000000e+00,2.900499999999999190e-01
2.950000000000000000e+02,1.000000000000000000e+00,2.900499999999999190e-01
2.960000000000000000e+02,1.000000000000000000e+00,2.908499999999999974e-01
2.970000000000000000e+02,1.000000000000000000e+00,2.900499999999999190e-01
2.980000000000000000e+02,1.000000000000000000e+00,2.916750000000000176e-01
2.990000000000000000e+02,1.000000000000000000e+00,2.924749999999999295e-01
3.000000000000000000e+02,1.000000000000000000e+00,2.972999999999998977e-01
3.010000000000000000e+02,1.000000000000000000e+00,2.940749999999999753e-01
3.020000000000000000e+02,1.000000000000000000e+00,2.956999999999999074e-01
3.030000000000000000e+02,1.000000000000000000e+00,2.980999999999999761e-01
3.040000000000000000e+02,1.000000000000000000e+00,2.980999999999999761e-01
3.050000000000000000e+02,1.000000000000000000e+00,2.980999999999999761e-01
3.060000000000000000e+02,1.000000000000000000e+00,2.989249999999999963e-01
3.070000000000000000e+02,1.000000000000000000e+00,2.980999999999999761e-01
3.080000000000000000e+02,1.000000000000000000e+00,2.980999999999999761e-01
3.090000000000000000e+02,1.000000000000000000e+00,2.980999999999999761e-01
3.100000000000000000e+02,1.000000000000000000e+00,2.980999999999999761e-01
3.110000000000000000e+02,1.000000000000000000e+00,2.980999999999999761e-01
3.120000000000000000e+02,1.000000000000000000e+00,2.980999999999999761e-01
3.130000000000000000e+02,1.000000000000000000e+00,3.021250000000000324e-01
3.140000000000000000e+02,1.000000000000000000e+00,3.037499999999999645e-01
3.150000000000000000e+02,1.000000000000000000e+00,3.053499999999999548e-01
3.160000000000000000e+02,1.000000000000000000e+00,3.029500000000000526e-01
3.170000000000000000e+02,1.000000000000000000e+00,3.045500000000000429e-01
3.180000000000000000e+02,1.000000000000000000e+00,3.045500000000000429e-01
3.190000000000000000e+02,1.000000000000000000e+00,3.045500000000000429e-01
3.200000000000000000e+02,1.000000000000000000e+00,3.061749999999999750e-01
3.210000000000000000e+02,1.000000000000000000e+00,3.053499999999999548e-01
3.220000000000000000e+02,1.000000000000000000e+00,3.053499999999999548e-01
3.230000000000000000e+02,1.000000000000000000e+00,3.037499999999999645e-01
3.240000000000000000e+02,1.000000000000000000e+00,3.053499999999999548e-01
3.250000000000000000e+02,1.000000000000000000e+00,3.061749999999999750e-01
3.260000000000000000e+02,1.000000000000000000e+00,3.061749999999999750e-01
3.270000000000000000e+02,1.000000000000000000e+00,3.061749999999999750e-01
3.280000000000000000e+02,1.000000000000000000e+00,3.061749999999999750e-01
3.290000000000000000e+02,1.000000000000000000e+00,3.061749999999999750e-01
3.300000000000000000e+02,1.000000000000000000e+00,3.061749999999999750e-01
3.310000000000000000e+02,1.000000000000000000e+00,3.061749999999999750e-01
3.320000000000000000e+02,1.000000000000000000e+00,3.061749999999999750e-01
3.330000000000000000e+02,1.000000000000000000e+00,3.061749999999999750e-01
3.340000000000000000e+02,1.000000000000000000e+00,3.061749999999999750e-01
3.350000000000000000e+02,1.000000000000000000e+00,3.069749999999998868e-01
3.360000000000000000e+02,1.000000000000000000e+00,3.102000000000000313e-01
3.370000000000000000e+02,1.000000000000000000e+00,3.134249999999999536e-01
3.380000000000000000e+02,1.000000000000000000e+00,3.142250000000000876e-01
3.390000000000000000e+02,1.000000000000000000e+00,3.142250000000000876e-01
3.400000000000000000e+02,1.000000000000000000e+00,3.182499999999999218e-01
3.410000000000000000e+02,1.000000000000000000e+00,3.206749999999999323e-01
3.420000000000000000e+02,1.000000000000000000e+00,3.222749999999999782e-01
3.430000000000000000e+02,1.000000000000000000e+00,3.222749999999999782e-01
3.440000000000000000e+02,1.000000000000000000e+00,3.222749999999999782e-01
3.450000000000000000e+02,1.000000000000000000e+00,3.222749999999999782e-01
3.460000000000000000e+02,1.000000000000000000e+00,3.222749999999999782e-01
3.470000000000000000e+02,1.000000000000000000e+00,3.222749999999999782e-01
3.480000000000000000e+02,1.000000000000000000e+00,3.222749999999999782e-01
3.490000000000000000e+02,1.000000000000000000e+00,3.222749999999999782e-01
3.500000000000000000e+02,1.000000000000000000e+00,3.222749999999999782e-01
3.510000000000000000e+02,1.000000000000000000e+00,3.222749999999999782e-01
3.520000000000000000e+02,1.000000000000000000e+00,3.222749999999999782e-01
3.530000000000000000e+02,1.000000000000000000e+00,3.222749999999999782e-01
3.540000000000000000e+02,1.000000000000000000e+00,3.214750000000000663e-01
3.550000000000000000e+02,1.000000000000000000e+00,3.222749999999999782e-01
3.560000000000000000e+02,1.000000000000000000e+00,3.222749999999999782e-01
3.570000000000000000e+02,1.000000000000000000e+00,3.222749999999999782e-01
3.580000000000000000e+02,1.000000000000000000e+00,3.222749999999999782e-01
3.590000000000000000e+02,1.000000000000000000e+00,3.222749999999999782e-01
3.600000000000000000e+02,1.000000000000000000e+00,3.222749999999999782e-01
3.610000000000000000e+02,1.000000000000000000e+00,3.222749999999999782e-01
3.620000000000000000e+02,1.000000000000000000e+00,3.222749999999999782e-01
3.630000000000000000e+02,1.000000000000000000e+00,3.222749999999999782e-01
3.640000000000000000e+02,1.000000000000000000e+00,3.222749999999999782e-01
3.650000000000000000e+02,1.000000000000000000e+00,3.222749999999999782e-01
3.660000000000000000e+02,1.000000000000000000e+00,3.222749999999999782e-01
3.670000000000000000e+02,1.000000000000000000e+00,3.222749999999999782e-01
3.680000000000000000e+02,1.000000000000000000e+00,3.222749999999999782e-01
3.690000000000000000e+02,1.000000000000000000e+00,3.222749999999999782e-01
3.700000000000000000e+02,1.000000000000000000e+00,3.222749999999999782e-01
3.710000000000000000e+02,1.000000000000000000e+00,3.214750000000000663e-01
3.720000000000000000e+02,1.000000000000000000e+00,3.214750000000000663e-01
3.730000000000000000e+02,1.000000000000000000e+00,3.190500000000000003e-01
3.740000000000000000e+02,1.000000000000000000e+00,3.182499999999999218e-01
3.750000000000000000e+02,1.000000000000000000e+00,3.142250000000000876e-01
3.760000000000000000e+02,1.000000000000000000e+00,3.142250000000000876e-01
3.770000000000000000e+02,1.000000000000000000e+00,3.142250000000000876e-01
3.780000000000000000e+02,1.000000000000000000e+00,3.142250000000000876e-01
3.790000000000000000e+02,1.000000000000000000e+00,3.142250000000000876e-01
3.800000000000000000e+02,1.000000000000000000e+00,3.142250000000000876e-01
3.810000000000000000e+02,1.000000000000000000e+00,3.142250000000000876e-01
3.820000000000000000e+02,1.000000000000000000e+00,3.142250000000000876e-01
3.830000000000000000e+02,1.000000000000000000e+00,3.142250000000000876e-01
3.840000000000000000e+02,1.000000000000000000e+00,3.142250000000000876e-01
3.850000000000000000e+02,1.000000000000000000e+00,3.142250000000000876e-01
3.860000000000000000e+02,1.000000000000000000e+00,3.142250000000000876e-01
3.870000000000000000e+02,1.000000000000000000e+00,3.142250000000000876e-01
3.880000000000000000e+02,1.000000000000000000e+00,3.142250000000000876e-01
3.890000000000000000e+02,1.000000000000000000e+00,3.125999999999999335e-01
3.900000000000000000e+02,1.000000000000000000e+00,3.142250000000000876e-01
3.910000000000000000e+02,1.000000000000000000e+00,3.142250000000000876e-01
3.920000000000000000e+02,1.000000000000000000e+00,3.134249999999999536e-01
3.930000000000000000e+02,1.000000000000000000e+00,3.142250000000000876e-01
3.940000000000000000e+02,1.000000000000000000e+00,3.134249999999999536e-01
3.950000000000000000e+02,1.000000000000000000e+00,3.142250000000000876e-01
3.960000000000000000e+02,1.000000000000000000e+00,3.142250000000000876e-01
3.970000000000000000e+02,1.000000000000000000e+00,3.134249999999999536e-01
3.980000000000000000e+02,1.000000000000000000e+00,3.142250000000000876e-01
3.990000000000000000e+02,1.000000000000000000e+00,3.142250000000000876e-01
4.000000000000000000e+02,1.000000000000000000e+00,3.142250000000000876e-01
4.010000000000000000e+02,1.000000000000000000e+00,3.142250000000000876e-01
4.020000000000000000e+02,1.000000000000000000e+00,3.150249999999999995e-01
4.030000000000000000e+02,1.000000000000000000e+00,3.142250000000000876e-01
4.040000000000000000e+02,1.000000000000000000e+00,3.142250000000000876e-01
4.050000000000000000e+02,1.000000000000000000e+00,3.142250000000000876e-01
4.060000000000000000e+02,1.000000000000000000e+00,3.142250000000000876e-01
4.070000000000000000e+02,1.000000000000000000e+00,3.142250000000000876e-01
4.080000000000000000e+02,1.000000000000000000e+00,3.142250000000000876e-01
4.090000000000000000e+02,1.000000000000000000e+00,3.142250000000000876e-01
4.100000000000000000e+02,1.000000000000000000e+00,3.142250000000000876e-01
4.110000000000000000e+02,1.000000000000000000e+00,3.166499999999999315e-01
4.120000000000000000e+02,1.000000000000000000e+00,3.166499999999999315e-01
4.130000000000000000e+02,1.000000000000000000e+00,3.158250000000000779e-01
4.140000000000000000e+02,1.000000000000000000e+00,3.166499999999999315e-01
4.150000000000000000e+02,1.000000000000000000e+00,3.182499999999999218e-01
4.160000000000000000e+02,1.000000000000000000e+00,3.206749999999999323e-01
4.170000000000000000e+02,1.000000000000000000e+00,3.206749999999999323e-01
4.180000000000000000e+02,1.000000000000000000e+00,3.222749999999999782e-01
4.190000000000000000e+02,1.000000000000000000e+00,3.214750000000000663e-01
4.200000000000000000e+02,1.000000000000000000e+00,3.222749999999999782e-01
4.210000000000000000e+02,1.000000000000000000e+00,3.222749999999999782e-01
4.220000000000000000e+02,1.000000000000000000e+00,3.222749999999999782e-01
4.230000000000000000e+02,1.000000000000000000e+00,3.222749999999999782e-01
4.240000000000000000e+02,1.000000000000000000e+00,3.222749999999999782e-01
4.250000000000000000e+02,1.000000000000000000e+00,3.222749999999999782e-01
4.260000000000000000e+02,1.000000000000000000e+00,3.222749999999999782e-01
4.270000000000000000e+02,1.000000000000000000e+00,3.230750000000000566e-01
4.280000000000000000e+02,1.000000000000000000e+00,3.254999999999999005e-01
4.290000000000000000e+02,1.000000000000000000e+00,3.238999999999999102e-01
4.300000000000000000e+02,1.000000000000000000e+00,3.238999999999999102e-01
4.310000000000000000e+02,1.000000000000000000e+00,3.222749999999999782e-01
4.320000000000000000e+02,1.000000000000000000e+00,3.222749999999999782e-01
4.330000000000000000e+02,1.000000000000000000e+00,3.222749999999999782e-01
4.340000000000000000e+02,1.000000000000000000e+00,3.222749999999999782e-01
4.350000000000000000e+02,1.000000000000000000e+00,3.222749999999999782e-01
4.360000000000000000e+02,1.000000000000000000e+00,3.222749999999999782e-01
4.370000000000000000e+02,1.000000000000000000e+00,3.222749999999999782e-01
4.380000000000000000e+02,1.000000000000000000e+00,3.222749999999999782e-01
4.390000000000000000e+02,1.000000000000000000e+00,3.238999999999999102e-01
4.400000000000000000e+02,1.000000000000000000e+00,3.279249999999999110e-01
4.410000000000000000e+02,1.000000000000000000e+00,3.287250000000000449e-01
4.420000000000000000e+02,1.000000000000000000e+00,3.295249999999999568e-01
4.430000000000000000e+02,1.000000000000000000e+00,3.295249999999999568e-01
4.440000000000000000e+02,1.000000000000000000e+00,3.303250000000000353e-01
4.450000000000000000e+02,1.000000000000000000e+00,3.303250000000000353e-01
4.460000000000000000e+02,1.000000000000000000e+00,3.303250000000000353e-01
4.470000000000000000e+02,1.000000000000000000e+00,3.303250000000000353e-01
4.480000000000000000e+02,1.000000000000000000e+00,3.303250000000000353e-01
4.490000000000000000e+02,1.000000000000000000e+00,3.303250000000000353e-01
4.500000000000000000e+02,1.000000000000000000e+00,3.303250000000000353e-01
4.510000000000000000e+02,1.000000000000000000e+00,3.303250000000000353e-01
4.520000000000000000e+02,1.000000000000000000e+00,3.303250000000000353e-01
4.530000000000000000e+02,1.000000000000000000e+00,3.303250000000000353e-01
4.540000000000000000e+02,1.000000000000000000e+00,3.311500000000000554e-01
4.550000000000000000e+02,1.000000000000000000e+00,3.351749999999998897e-01
4.560000000000000000e+02,1.000000000000000000e+00,3.319499999999999673e-01
4.570000000000000000e+02,1.000000000000000000e+00,3.351749999999998897e-01
4.580000000000000000e+02,1.000000000000000000e+00,3.351749999999998897e-01
4.590000000000000000e+02,1.000000000000000000e+00,3.343749999999999778e-01
4.600000000000000000e+02,1.000000000000000000e+00,3.359750000000000236e-01
4.610000000000000000e+02,1.000000000000000000e+00,3.351749999999998897e-01
4.620000000000000000e+02,1.000000000000000000e+00,3.367749999999999355e-01
4.630000000000000000e+02,1.000000000000000000e+00,3.384000000000000341e-01
4.640000000000000000e+02,1.000000000000000000e+00,3.384000000000000341e-01
4.650000000000000000e+02,1.000000000000000000e+00,3.375750000000000139e-01
4.660000000000000000e+02,1.000000000000000000e+00,3.375750000000000139e-01
4.670000000000000000e+02,1.000000000000000000e+00,3.359750000000000236e-01
4.680000000000000000e+02,1.000000000000000000e+00,3.384000000000000341e-01
4.690000000000000000e+02,1.000000000000000000e+00,3.384000000000000341e-01
4.700000000000000000e+02,1.000000000000000000e+00,3.384000000000000341e-01
4.710000000000000000e+02,1.000000000000000000e+00,3.384000000000000341e-01
4.720000000000000000e+02,1.000000000000000000e+00,3.384000000000000341e-01
4.730000000000000000e+02,1.000000000000000000e+00,3.384000000000000341e-01
4.740000000000000000e+02,1.000000000000000000e+00,3.384000000000000341e-01
4.750000000000000000e+02,1.000000000000000000e+00,3.384000000000000341e-01
4.760000000000000000e+02,1.000000000000000000e+00,3.391999999999999460e-01
4.770000000000000000e+02,1.000000000000000000e+00,3.384000000000000341e-01
4.780000000000000000e+02,1.000000000000000000e+00,3.407999999999999363e-01
4.790000000000000000e+02,1.000000000000000000e+00,3.391999999999999460e-01
4.800000000000000000e+02,1.000000000000000000e+00,3.407999999999999363e-01
4.810000000000000000e+02,1.000000000000000000e+00,3.424250000000000904e-01
4.820000000000000000e+02,1.000000000000000000e+00,3.432250000000000023e-01
4.830000000000000000e+02,1.000000000000000000e+00,3.400000000000000244e-01
4.840000000000000000e+02,1.000000000000000000e+00,3.407999999999999363e-01
4.850000000000000000e+02,1.000000000000000000e+00,3.400000000000000244e-01
4.860000000000000000e+02,1.000000000000000000e+00,3.440249999999999142e-01
4.870000000000000000e+02,1.000000000000000000e+00,3.432250000000000023e-01
4.880000000000000000e+02,1.000000000000000000e+00,3.400000000000000244e-01
4.890000000000000000e+02,1.000000000000000000e+00,3.440249999999999142e-01
4.900000000000000000e+02,1.000000000000000000e+00,3.456500000000000128e-01
4.910000000000000000e+02,1.000000000000000000e+00,3.464499999999999247e-01
4.920000000000000000e+02,1.000000000000000000e+00,3.456500000000000128e-01
4.930000000000000000e+02,1.000000000000000000e+00,3.464499999999999247e-01
4.940000000000000000e+02,1.000000000000000000e+00,3.448249999999999926e-01
4.950000000000000000e+02,1.000000000000000000e+00,3.464499999999999247e-01
4.960000000000000000e+02,1.000000000000000000e+00,3.456500000000000128e-01
4.970000000000000000e+02,1.000000000000000000e+00,3.456500000000000128e-01
4.980000000000000000e+02,1.000000000000000000e+00,3.432250000000000023e-01
4.990000000000000000e+02,1.000000000000000000e+00,3.440249999999999142e-01
5.000000000000000000e+02,1.000000000000000000e+00,3.424250000000000904e-01
5.010000000000000000e+02,1.000000000000000000e+00,3.424250000000000904e-01
5.020000000000000000e+02,1.000000000000000000e+00,3.440249999999999142e-01
5.030000000000000000e+02,1.000000000000000000e+00,3.456500000000000128e-01
5.040000000000000000e+02,1.000000000000000000e+00,3.456500000000000128e-01
5.050000000000000000e+02,1.000000000000000000e+00,3.464499999999999247e-01
5.060000000000000000e+02,1.000000000000000000e+00,3.464499999999999247e-01
5.070000000000000000e+02,1.000000000000000000e+00,3.464499999999999247e-01
5.080000000000000000e+02,1.000000000000000000e+00,3.464499999999999247e-01
5.090000000000000000e+02,1.000000000000000000e+00,3.464499999999999247e-01
5.100000000000000000e+02,1.000000000000000000e+00,3.472500000000000031e-01
5.110000000000000000e+02,1.000000000000000000e+00,3.464499999999999247e-01
5.120000000000000000e+02,1.000000000000000000e+00,3.464499999999999247e-01
5.130000000000000000e+02,1.000000000000000000e+00,3.464499999999999247e-01
5.140000000000000000e+02,1.000000000000000000e+00,3.464499999999999247e-01
5.150000000000000000e+02,1.000000000000000000e+00,3.464499999999999247e-01
5.160000000000000000e+02,1.000000000000000000e+00,3.464499999999999247e-01
5.170000000000000000e+02,1.000000000000000000e+00,3.464499999999999247e-01
5.180000000000000000e+02,1.000000000000000000e+00,3.480499999999999150e-01
5.190000000000000000e+02,1.000000000000000000e+00,3.496750000000000691e-01
5.200000000000000000e+02,1.000000000000000000e+00,3.504749999999999810e-01
5.210000000000000000e+02,1.000000000000000000e+00,3.512750000000000594e-01
5.220000000000000000e+02,1.000000000000000000e+00,3.512750000000000594e-01
5.230000000000000000e+02,1.000000000000000000e+00,3.512750000000000594e-01
5.240000000000000000e+02,1.000000000000000000e+00,3.472500000000000031e-01
5.250000000000000000e+02,1.000000000000000000e+00,3.504749999999999810e-01
5.260000000000000000e+02,1.000000000000000000e+00,3.504749999999999810e-01
5.270000000000000000e+02,1.000000000000000000e+00,3.528999999999999915e-01
5.280000000000000000e+02,1.000000000000000000e+00,3.520749999999999713e-01
5.290000000000000000e+02,1.000000000000000000e+00,3.520749999999999713e-01
5.300000000000000000e+02,1.000000000000000000e+00,3.544999999999999818e-01
5.310000000000000000e+02,1.000000000000000000e+00,3.536999999999999034e-01
5.320000000000000000e+02,1.000000000000000000e+00,3.544999999999999818e-01
5.330000000000000000e+02,1.000000000000000000e+00,3.544999999999999818e-01
5.340000000000000000e+02,1.000000000000000000e+00,3.544999999999999818e-01
5.350000000000000000e+02,1.000000000000000000e+00,3.544999999999999818e-01
5.360000000000000000e+02,1.000000000000000000e+00,3.544999999999999818e-01
5.370000000000000000e+02,1.000000000000000000e+00,3.544999999999999818e-01
5.380000000000000000e+02,1.000000000000000000e+00,3.544999999999999818e-01
5.390000000000000000e+02,1.000000000000000000e+00,3.536999999999999034e-01
5.400000000000000000e+02,1.000000000000000000e+00,3.536999999999999034e-01
5.410000000000000000e+02,1.000000000000000000e+00,3.536999999999999034e-01
5.420000000000000000e+02,1.000000000000000000e+00,3.544999999999999818e-01
5.430000000000000000e+02,1.000000000000000000e+00,3.544999999999999818e-01
5.440000000000000000e+02,1.000000000000000000e+00,3.544999999999999818e-01
5.450000000000000000e+02,1.000000000000000000e+00,3.544999999999999818e-01
5.460000000000000000e+02,1.000000000000000000e+00,3.561249999999999138e-01
5.470000000000000000e+02,1.000000000000000000e+00,3.552999999999998937e-01
5.480000000000000000e+02,1.000000000000000000e+00,3.552999999999998937e-01
5.490000000000000000e+02,1.000000000000000000e+00,3.544999999999999818e-01
5.500000000000000000e+02,1.000000000000000000e+00,3.544999999999999818e-01
5.510000000000000000e+02,1.000000000000000000e+00,3.544999999999999818e-01
5.520000000000000000e+02,1.000000000000000000e+00,3.544999999999999818e-01
5.530000000000000000e+02,1.000000000000000000e+00,3.552999999999998937e-01
5.540000000000000000e+02,1.000000000000000000e+00,3.552999999999998937e-01
5.550000000000000000e+02,1.000000000000000000e+00,3.544999999999999818e-01
5.560000000000000000e+02,1.000000000000000000e+00,3.544999999999999818e-01
5.570000000000000000e+02,1.000000000000000000e+00,3.544999999999999818e-01
5.580000000000000000e+02,1.000000000000000000e+00,3.544999999999999818e-01
5.590000000000000000e+02,1.000000000000000000e+00,3.544999999999999818e-01
5.600000000000000000e+02,1.000000000000000000e+00,3.544999999999999818e-01
5.610000000000000000e+02,1.000000000000000000e+00,3.544999999999999818e-01
5.620000000000000000e+02,1.000000000000000000e+00,3.544999999999999818e-01
5.630000000000000000e+02,1.000000000000000000e+00,3.544999999999999818e-01
5.640000000000000000e+02,1.000000000000000000e+00,3.552999999999998937e-01
5.650000000000000000e+02,1.000000000000000000e+00,3.544999999999999818e-01
5.660000000000000000e+02,1.000000000000000000e+00,3.544999999999999818e-01
5.670000000000000000e+02,1.000000000000000000e+00,3.544999999999999818e-01
5.680000000000000000e+02,1.000000000000000000e+00,3.552999999999998937e-01
5.690000000000000000e+02,1.000000000000000000e+00,3.544999999999999818e-01
5.700000000000000000e+02,1.000000000000000000e+00,3.585250000000000381e-01
5.710000000000000000e+02,1.000000000000000000e+00,3.593500000000000583e-01
5.720000000000000000e+02,1.000000000000000000e+00,3.577249999999999597e-01
5.730000000000000000e+02,1.000000000000000000e+00,3.569250000000000478e-01
5.740000000000000000e+02,1.000000000000000000e+00,3.585250000000000381e-01
5.750000000000000000e+02,1.000000000000000000e+00,3.552999999999998937e-01
5.760000000000000000e+02,1.000000000000000000e+00,3.609500000000000486e-01
5.770000000000000000e+02,1.000000000000000000e+00,3.617499999999999605e-01
5.780000000000000000e+02,1.000000000000000000e+00,3.617499999999999605e-01
5.790000000000000000e+02,1.000000000000000000e+00,3.617499999999999605e-01
5.800000000000000000e+02,1.000000000000000000e+00,3.601499999999999702e-01
5.810000000000000000e+02,1.000000000000000000e+00,3.609500000000000486e-01
5.820000000000000000e+02,1.000000000000000000e+00,3.625500000000000389e-01
5.830000000000000000e+02,1.000000000000000000e+00,3.625500000000000389e-01
5.840000000000000000e+02,1.000000000000000000e+00,3.625500000000000389e-01
5.850000000000000000e+02,1.000000000000000000e+00,3.625500000000000389e-01
5.860000000000000000e+02,1.000000000000000000e+00,3.625500000000000389e-01
5.870000000000000000e+02,1.000000000000000000e+00,3.625500000000000389e-01
5.880000000000000000e+02,1.000000000000000000e+00,3.649749999999999384e-01
5.890000000000000000e+02,1.000000000000000000e+00,3.666000000000000369e-01
5.900000000000000000e+02,1.000000000000000000e+00,3.649749999999999384e-01
5.910000000000000000e+02,1.000000000000000000e+00,3.625500000000000389e-01
5.920000000000000000e+02,1.000000000000000000e+00,3.633749999999998925e-01
5.930000000000000000e+02,1.000000000000000000e+00,3.633749999999998925e-01
5.940000000000000000e+02,1.000000000000000000e+00,3.641750000000000265e-01
5.950000000000000000e+02,1.000000000000000000e+00,3.641750000000000265e-01
5.960000000000000000e+02,1.000000000000000000e+00,3.657750000000000168e-01
5.970000000000000000e+02,1.000000000000000000e+00,3.698000000000000176e-01
5.980000000000000000e+02,1.000000000000000000e+00,3.682000000000000273e-01
5.990000000000000000e+02,1.000000000000000000e+00,3.682000000000000273e-01
6.000000000000000000e+02,1.000000000000000000e+00,3.706249999999998712e-01
6.010000000000000000e+02,1.000000000000000000e+00,3.706249999999998712e-01
6.020000000000000000e+02,1.000000000000000000e+00,3.706249999999998712e-01
6.030000000000000000e+02,1.000000000000000000e+00,3.706249999999998712e-01
6.040000000000000000e+02,1.000000000000000000e+00,3.706249999999998712e-01
6.050000000000000000e+02,1.000000000000000000e+00,3.698000000000000176e-01
6.060000000000000000e+02,1.000000000000000000e+00,3.706249999999998712e-01
6.070000000000000000e+02,1.000000000000000000e+00,3.706249999999998712e-01
6.080000000000000000e+02,1.000000000000000000e+00,3.698000000000000176e-01
6.090000000000000000e+02,1.000000000000000000e+00,3.698000000000000176e-01
6.100000000000000000e+02,1.000000000000000000e+00,3.706249999999998712e-01
6.110000000000000000e+02,1.000000000000000000e+00,3.706249999999998712e-01
6.120000000000000000e+02,1.000000000000000000e+00,3.706249999999998712e-01
6.130000000000000000e+02,1.000000000000000000e+00,3.706249999999998712e-01
6.140000000000000000e+02,1.000000000000000000e+00,3.706249999999998712e-01
6.150000000000000000e+02,1.000000000000000000e+00,3.706249999999998712e-01
6.160000000000000000e+02,1.000000000000000000e+00,3.706249999999998712e-01
6.170000000000000000e+02,1.000000000000000000e+00,3.706249999999998712e-01
6.180000000000000000e+02,1.000000000000000000e+00,3.706249999999998712e-01
6.190000000000000000e+02,1.000000000000000000e+00,3.706249999999998712e-01
6.200000000000000000e+02,1.000000000000000000e+00,3.706249999999998712e-01
6.210000000000000000e+02,1.000000000000000000e+00,3.706249999999998712e-01
6.220000000000000000e+02,1.000000000000000000e+00,3.706249999999998712e-01
6.230000000000000000e+02,1.000000000000000000e+00,3.706249999999998712e-01
6.240000000000000000e+02,1.000000000000000000e+00,3.714250000000000052e-01
6.250000000000000000e+02,1.000000000000000000e+00,3.714250000000000052e-01
6.260000000000000000e+02,1.000000000000000000e+00,3.730249999999999955e-01
6.270000000000000000e+02,1.000000000000000000e+00,3.746499999999999275e-01
6.280000000000000000e+02,1.000000000000000000e+00,3.778750000000000719e-01
6.290000000000000000e+02,1.000000000000000000e+00,3.778750000000000719e-01
6.300000000000000000e+02,1.000000000000000000e+00,3.778750000000000719e-01
6.310000000000000000e+02,1.000000000000000000e+00,3.786749999999999838e-01
6.320000000000000000e+02,1.000000000000000000e+00,3.786749999999999838e-01
6.330000000000000000e+02,1.000000000000000000e+00,3.786749999999999838e-01
6.340000000000000000e+02,1.000000000000000000e+00,3.786749999999999838e-01
6.350000000000000000e+02,1.000000000000000000e+00,3.786749999999999838e-01
6.360000000000000000e+02,1.000000000000000000e+00,3.786749999999999838e-01
6.370000000000000000e+02,1.000000000000000000e+00,3.786749999999999838e-01
6.380000000000000000e+02,1.000000000000000000e+00,3.786749999999999838e-01
6.390000000000000000e+02,1.000000000000000000e+00,3.794750000000000623e-01
6.400000000000000000e+02,1.000000000000000000e+00,3.794750000000000623e-01
6.410000000000000000e+02,1.000000000000000000e+00,3.794750000000000623e-01
6.420000000000000000e+02,1.000000000000000000e+00,3.786749999999999838e-01
6.430000000000000000e+02,1.000000000000000000e+00,3.786749999999999838e-01
6.440000000000000000e+02,1.000000000000000000e+00,3.786749999999999838e-01
6.450000000000000000e+02,1.000000000000000000e+00,3.786749999999999838e-01
6.460000000000000000e+02,1.000000000000000000e+00,3.786749999999999838e-01
6.470000000000000000e+02,1.000000000000000000e+00,3.786749999999999838e-01
6.480000000000000000e+02,1.000000000000000000e+00,3.786749999999999838e-01
6.490000000000000000e+02,1.000000000000000000e+00,3.786749999999999838e-01
6.500000000000000000e+02,1.000000000000000000e+00,3.786749999999999838e-01
6.510000000000000000e+02,1.000000000000000000e+00,3.786749999999999838e-01
6.520000000000000000e+02,1.000000000000000000e+00,3.786749999999999838e-01
6.530000000000000000e+02,1.000000000000000000e+00,3.786749999999999838e-01
6.540000000000000000e+02,1.000000000000000000e+00,3.786749999999999838e-01
6.550000000000000000e+02,1.000000000000000000e+00,3.786749999999999838e-01
6.560000000000000000e+02,1.000000000000000000e+00,3.786749999999999838e-01
6.570000000000000000e+02,1.000000000000000000e+00,3.786749999999999838e-01
6.580000000000000000e+02,1.000000000000000000e+00,3.786749999999999838e-01
6.590000000000000000e+02,1.000000000000000000e+00,3.786749999999999838e-01
6.600000000000000000e+02,1.000000000000000000e+00,3.786749999999999838e-01
6.610000000000000000e+02,1.000000000000000000e+00,3.786749999999999838e-01
6.620000000000000000e+02,1.000000000000000000e+00,3.786749999999999838e-01
6.630000000000000000e+02,1.000000000000000000e+00,3.786749999999999838e-01
6.640000000000000000e+02,1.000000000000000000e+00,3.786749999999999838e-01
6.650000000000000000e+02,1.000000000000000000e+00,3.786749999999999838e-01
6.660000000000000000e+02,1.000000000000000000e+00,3.786749999999999838e-01
6.670000000000000000e+02,1.000000000000000000e+00,3.786749999999999838e-01
6.680000000000000000e+02,1.000000000000000000e+00,3.786749999999999838e-01
6.690000000000000000e+02,1.000000000000000000e+00,3.786749999999999838e-01
6.700000000000000000e+02,1.000000000000000000e+00,3.786749999999999838e-01
6.710000000000000000e+02,1.000000000000000000e+00,3.778750000000000719e-01
6.720000000000000000e+02,1.000000000000000000e+00,3.778750000000000719e-01
6.730000000000000000e+02,1.000000000000000000e+00,3.770749999999999380e-01
6.740000000000000000e+02,1.000000000000000000e+00,3.778750000000000719e-01
6.750000000000000000e+02,1.000000000000000000e+00,3.778750000000000719e-01
6.760000000000000000e+02,1.000000000000000000e+00,3.786749999999999838e-01
6.770000000000000000e+02,1.000000000000000000e+00,3.778750000000000719e-01
6.780000000000000000e+02,1.000000000000000000e+00,3.786749999999999838e-01
6.790000000000000000e+02,1.000000000000000000e+00,3.786749999999999838e-01
6.800000000000000000e+02,1.000000000000000000e+00,3.786749999999999838e-01
6.810000000000000000e+02,1.000000000000000000e+00,3.786749999999999838e-01
6.820000000000000000e+02,1.000000000000000000e+00,3.786749999999999838e-01
6.830000000000000000e+02,1.000000000000000000e+00,3.786749999999999838e-01
6.840000000000000000e+02,1.000000000000000000e+00,3.786749999999999838e-01
6.850000000000000000e+02,1.000000000000000000e+00,3.786749999999999838e-01
6.860000000000000000e+02,1.000000000000000000e+00,3.786749999999999838e-01
6.870000000000000000e+02,1.000000000000000000e+00,3.786749999999999838e-01
6.880000000000000000e+02,1.000000000000000000e+00,3.794750000000000623e-01
6.890000000000000000e+02,1.000000000000000000e+00,3.810999999999999943e-01
6.900000000000000000e+02,1.000000000000000000e+00,3.818999999999999062e-01
6.910000000000000000e+02,1.000000000000000000e+00,3.818999999999999062e-01
6.920000000000000000e+02,1.000000000000000000e+00,3.834999999999998965e-01
6.930000000000000000e+02,1.000000000000000000e+00,3.859249999999999625e-01
6.940000000000000000e+02,1.000000000000000000e+00,3.867250000000000409e-01
6.950000000000000000e+02,1.000000000000000000e+00,3.867250000000000409e-01
6.960000000000000000e+02,1.000000000000000000e+00,3.851250000000000506e-01
6.970000000000000000e+02,1.000000000000000000e+00,3.859249999999999625e-01
6.980000000000000000e+02,1.000000000000000000e+00,3.867250000000000409e-01
6.990000000000000000e+02,1.000000000000000000e+00,3.826999999999999846e-01
7.000000000000000000e+02,1.000000000000000000e+00,3.786749999999999838e-01
7.010000000000000000e+02,1.000000000000000000e+00,3.786749999999999838e-01
7.020000000000000000e+02,1.000000000000000000e+00,3.786749999999999838e-01
7.030000000000000000e+02,1.000000000000000000e+00,3.794750000000000623e-01
7.040000000000000000e+02,1.000000000000000000e+00,3.786749999999999838e-01
7.050000000000000000e+02,1.000000000000000000e+00,3.802749999999999742e-01
7.060000000000000000e+02,1.000000000000000000e+00,3.786749999999999838e-01
7.070000000000000000e+02,1.000000000000000000e+00,3.786749999999999838e-01
7.080000000000000000e+02,1.000000000000000000e+00,3.786749999999999838e-01
7.090000000000000000e+02,1.000000000000000000e+00,3.778750000000000719e-01
7.100000000000000000e+02,1.000000000000000000e+00,3.778750000000000719e-01
7.110000000000000000e+02,1.000000000000000000e+00,3.786749999999999838e-01
7.120000000000000000e+02,1.000000000000000000e+00,3.770749999999999380e-01
7.130000000000000000e+02,1.000000000000000000e+00,3.746499999999999275e-01
7.140000000000000000e+02,1.000000000000000000e+00,3.706249999999998712e-01
7.150000000000000000e+02,1.000000000000000000e+00,3.730249999999999955e-01
7.160000000000000000e+02,1.000000000000000000e+00,3.730249999999999955e-01
7.170000000000000000e+02,1.000000000000000000e+00,3.754500000000000060e-01
7.180000000000000000e+02,1.000000000000000000e+00,3.706249999999998712e-01
7.190000000000000000e+02,1.000000000000000000e+00,3.714250000000000052e-01
7.200000000000000000e+02,1.000000000000000000e+00,3.706249999999998712e-01
7.210000000000000000e+02,1.000000000000000000e+00,3.714250000000000052e-01
7.220000000000000000e+02,1.000000000000000000e+00,3.738500000000000156e-01
7.230000000000000000e+02,1.000000000000000000e+00,3.754500000000000060e-01
7.240000000000000000e+02,1.000000000000000000e+00,3.762499999999999178e-01
7.250000000000000000e+02,1.000000000000000000e+00,3.746499999999999275e-01
7.260000000000000000e+02,1.000000000000000000e+00,3.762499999999999178e-01
7.270000000000000000e+02,1.000000000000000000e+00,3.762499999999999178e-01
7.280000000000000000e+02,1.000000000000000000e+00,3.754500000000000060e-01
7.290000000000000000e+02,1.000000000000000000e+00,3.762499999999999178e-01
7.300000000000000000e+02,1.000000000000000000e+00,3.778750000000000719e-01
7.310000000000000000e+02,1.000000000000000000e+00,3.770749999999999380e-01
7.320000000000000000e+02,1.000000000000000000e+00,3.778750000000000719e-01
7.330000000000000000e+02,1.000000000000000000e+00,3.730249999999999955e-01
7.340000000000000000e+02,1.000000000000000000e+00,3.706249999999998712e-01
7.350000000000000000e+02,1.000000000000000000e+00,3.730249999999999955e-01
7.360000000000000000e+02,1.000000000000000000e+00,3.754500000000000060e-01
7.370000000000000000e+02,1.000000000000000000e+00,3.730249999999999955e-01
7.380000000000000000e+02,1.000000000000000000e+00,3.714250000000000052e-01
7.390000000000000000e+02,1.000000000000000000e+00,3.706249999999998712e-01
7.400000000000000000e+02,1.000000000000000000e+00,3.706249999999998712e-01
7.410000000000000000e+02,1.000000000000000000e+00,3.714250000000000052e-01
7.420000000000000000e+02,1.000000000000000000e+00,3.706249999999998712e-01
7.430000000000000000e+02,1.000000000000000000e+00,3.706249999999998712e-01
7.440000000000000000e+02,1.000000000000000000e+00,3.706249999999998712e-01
7.450000000000000000e+02,1.000000000000000000e+00,3.706249999999998712e-01
7.460000000000000000e+02,1.000000000000000000e+00,3.706249999999998712e-01
7.470000000000000000e+02,1.000000000000000000e+00,3.706249999999998712e-01
7.480000000000000000e+02,1.000000000000000000e+00,3.706249999999998712e-01
7.490000000000000000e+02,1.000000000000000000e+00,3.706249999999998712e-01
7.500000000000000000e+02,1.000000000000000000e+00,3.706249999999998712e-01
7.510000000000000000e+02,1.000000000000000000e+00,3.698000000000000176e-01
7.520000000000000000e+02,1.000000000000000000e+00,3.706249999999998712e-01
7.530000000000000000e+02,1.000000000000000000e+00,3.673999999999999488e-01
7.540000000000000000e+02,1.000000000000000000e+00,3.682000000000000273e-01
7.550000000000000000e+02,1.000000000000000000e+00,3.706249999999998712e-01
7.560000000000000000e+02,1.000000000000000000e+00,3.698000000000000176e-01
7.570000000000000000e+02,1.000000000000000000e+00,3.682000000000000273e-01
7.580000000000000000e+02,1.000000000000000000e+00,3.641750000000000265e-01
7.590000000000000000e+02,1.000000000000000000e+00,3.641750000000000265e-01
7.600000000000000000e+02,1.000000000000000000e+00,3.641750000000000265e-01
7.610000000000000000e+02,1.000000000000000000e+00,3.657750000000000168e-01
7.620000000000000000e+02,1.000000000000000000e+00,3.633749999999998925e-01
7.630000000000000000e+02,1.000000000000000000e+00,3.625500000000000389e-01
7.640000000000000000e+02,1.000000000000000000e+00,3.625500000000000389e-01
7.650000000000000000e+02,1.000000000000000000e+00,3.625500000000000389e-01
7.660000000000000000e+02,1.000000000000000000e+00,3.625500000000000389e-01
7.670000000000000000e+02,1.000000000000000000e+00,3.649749999999999384e-01
7.680000000000000000e+02,1.000000000000000000e+00,3.641750000000000265e-01
7.690000000000000000e+02,1.000000000000000000e+00,3.673999999999999488e-01
7.700000000000000000e+02,1.000000000000000000e+00,3.689999999999999392e-01
7.710000000000000000e+02,1.000000000000000000e+00,3.698000000000000176e-01
7.720000000000000000e+02,1.000000000000000000e+00,3.706249999999998712e-01
7.730000000000000000e+02,1.000000000000000000e+00,3.706249999999998712e-01
7.740000000000000000e+02,1.000000000000000000e+00,3.706249999999998712e-01
7.750000000000000000e+02,1.000000000000000000e+00,3.706249999999998712e-01
7.760000000000000000e+02,1.000000000000000000e+00,3.706249999999998712e-01
7.770000000000000000e+02,1.000000000000000000e+00,3.689999999999999392e-01
7.780000000000000000e+02,1.000000000000000000e+00,3.673999999999999488e-01
7.790000000000000000e+02,1.000000000000000000e+00,3.657750000000000168e-01
7.800000000000000000e+02,1.000000000000000000e+00,3.698000000000000176e-01
7.810000000000000000e+02,1.000000000000000000e+00,3.689999999999999392e-01
7.820000000000000000e+02,1.000000000000000000e+00,3.689999999999999392e-01
7.830000000000000000e+02,1.000000000000000000e+00,3.698000000000000176e-01
7.840000000000000000e+02,1.000000000000000000e+00,3.698000000000000176e-01
7.850000000000000000e+02,1.000000000000000000e+00,3.706249999999998712e-01
7.860000000000000000e+02,1.000000000000000000e+00,3.706249999999998712e-01
7.870000000000000000e+02,1.000000000000000000e+00,3.706249999999998712e-01
7.880000000000000000e+02,1.000000000000000000e+00,3.706249999999998712e-01
7.890000000000000000e+02,1.000000000000000000e+00,3.706249999999998712e-01
7.900000000000000000e+02,1.000000000000000000e+00,3.706249999999998712e-01
7.910000000000000000e+02,1.000000000000000000e+00,3.706249999999998712e-01
7.920000000000000000e+02,1.000000000000000000e+00,3.706249999999998712e-01
7.930000000000000000e+02,1.000000000000000000e+00,3.706249999999998712e-01
7.940000000000000000e+02,1.000000000000000000e+00,3.706249999999998712e-01
7.950000000000000000e+02,1.000000000000000000e+00,3.714250000000000052e-01
7.960000000000000000e+02,1.000000000000000000e+00,3.706249999999998712e-01
7.970000000000000000e+02,1.000000000000000000e+00,3.706249999999998712e-01
7.980000000000000000e+02,1.000000000000000000e+00,3.706249999999998712e-01
7.990000000000000000e+02,1.000000000000000000e+00,3.706249999999998712e-01
8.000000000000000000e+02,1.000000000000000000e+00,3.706249999999998712e-01
8.010000000000000000e+02,1.000000000000000000e+00,3.706249999999998712e-01
8.020000000000000000e+02,1.000000000000000000e+00,3.706249999999998712e-01
8.030000000000000000e+02,1.000000000000000000e+00,3.698000000000000176e-01
8.040000000000000000e+02,1.000000000000000000e+00,3.706249999999998712e-01
8.050000000000000000e+02,1.000000000000000000e+00,3.698000000000000176e-01
8.060000000000000000e+02,1.000000000000000000e+00,3.706249999999998712e-01
8.070000000000000000e+02,1.000000000000000000e+00,3.689999999999999392e-01
8.080000000000000000e+02,1.000000000000000000e+00,3.666000000000000369e-01
8.090000000000000000e+02,1.000000000000000000e+00,3.689999999999999392e-01
8.100000000000000000e+02,1.000000000000000000e+00,3.657750000000000168e-01
8.110000000000000000e+02,1.000000000000000000e+00,3.673999999999999488e-01
8.120000000000000000e+02,1.000000000000000000e+00,3.649749999999999384e-01
8.130000000000000000e+02,1.000000000000000000e+00,3.649749999999999384e-01
8.140000000000000000e+02,1.000000000000000000e+00,3.633749999999998925e-01
8.150000000000000000e+02,1.000000000000000000e+00,3.625500000000000389e-01
8.160000000000000000e+02,1.000000000000000000e+00,3.625500000000000389e-01
8.170000000000000000e+02,1.000000000000000000e+00,3.625500000000000389e-01
8.180000000000000000e+02,1.000000000000000000e+00,3.625500000000000389e-01
8.190000000000000000e+02,1.000000000000000000e+00,3.625500000000000389e-01
8.200000000000000000e+02,1.000000000000000000e+00,3.625500000000000389e-01
8.210000000000000000e+02,1.000000000000000000e+00,3.625500000000000389e-01
8.220000000000000000e+02,1.000000000000000000e+00,3.625500000000000389e-01
8.230000000000000000e+02,1.000000000000000000e+00,3.633749999999998925e-01
8.240000000000000000e+02,1.000000000000000000e+00,3.625500000000000389e-01
8.250000000000000000e+02,1.000000000000000000e+00,3.625500000000000389e-01
8.260000000000000000e+02,1.000000000000000000e+00,3.625500000000000389e-01
8.270000000000000000e+02,1.000000000000000000e+00,3.666000000000000369e-01
8.280000000000000000e+02,1.000000000000000000e+00,3.649749999999999384e-01
8.290000000000000000e+02,1.000000000000000000e+00,3.633749999999998925e-01
8.300000000000000000e+02,1.000000000000000000e+00,3.625500000000000389e-01
8.310000000000000000e+02,1.000000000000000000e+00,3.633749999999998925e-01
8.320000000000000000e+02,1.000000000000000000e+00,3.641750000000000265e-01
8.330000000000000000e+02,1.000000000000000000e+00,3.673999999999999488e-01
8.340000000000000000e+02,1.000000000000000000e+00,3.706249999999998712e-01
8.350000000000000000e+02,1.000000000000000000e+00,3.706249999999998712e-01
8.360000000000000000e+02,1.000000000000000000e+00,3.706249999999998712e-01
8.370000000000000000e+02,1.000000000000000000e+00,3.706249999999998712e-01
8.380000000000000000e+02,1.000000000000000000e+00,3.706249999999998712e-01
8.390000000000000000e+02,1.000000000000000000e+00,3.706249999999998712e-01
8.400000000000000000e+02,1.000000000000000000e+00,3.706249999999998712e-01
8.410000000000000000e+02,1.000000000000000000e+00,3.698000000000000176e-01
8.420000000000000000e+02,1.000000000000000000e+00,3.698000000000000176e-01
8.430000000000000000e+02,1.000000000000000000e+00,3.706249999999998712e-01
8.440000000000000000e+02,1.000000000000000000e+00,3.706249999999998712e-01
8.450000000000000000e+02,1.000000000000000000e+00,3.706249999999998712e-01
8.460000000000000000e+02,1.000000000000000000e+00,3.698000000000000176e-01
8.470000000000000000e+02,1.000000000000000000e+00,3.689999999999999392e-01
8.480000000000000000e+02,1.000000000000000000e+00,3.682000000000000273e-01
8.490000000000000000e+02,1.000000000000000000e+00,3.689999999999999392e-01
8.500000000000000000e+02,1.000000000000000000e+00,3.673999999999999488e-01
8.510000000000000000e+02,1.000000000000000000e+00,3.682000000000000273e-01
8.520000000000000000e+02,1.000000000000000000e+00,3.698000000000000176e-01
8.530000000000000000e+02,1.000000000000000000e+00,3.698000000000000176e-01
8.540000000000000000e+02,1.000000000000000000e+00,3.706249999999998712e-01
8.550000000000000000e+02,1.000000000000000000e+00,3.706249999999998712e-01
8.560000000000000000e+02,1.000000000000000000e+00,3.706249999999998712e-01
8.570000000000000000e+02,1.000000000000000000e+00,3.706249999999998712e-01
8.580000000000000000e+02,1.000000000000000000e+00,3.706249999999998712e-01
8.590000000000000000e+02,1.000000000000000000e+00,3.706249999999998712e-01
8.600000000000000000e+02,1.000000000000000000e+00,3.706249999999998712e-01
8.610000000000000000e+02,1.000000000000000000e+00,3.706249999999998712e-01
8.620000000000000000e+02,1.000000000000000000e+00,3.698000000000000176e-01
8.630000000000000000e+02,1.000000000000000000e+00,3.706249999999998712e-01
8.640000000000000000e+02,1.000000000000000000e+00,3.698000000000000176e-01
8.650000000000000000e+02,1.000000000000000000e+00,3.706249999999998712e-01
8.660000000000000000e+02,1.000000000000000000e+00,3.682000000000000273e-01
8.670000000000000000e+02,1.000000000000000000e+00,3.706249999999998712e-01
8.680000000000000000e+02,1.000000000000000000e+00,3.673999999999999488e-01
8.690000000000000000e+02,1.000000000000000000e+00,3.682000000000000273e-01
8.700000000000000000e+02,1.000000000000000000e+00,3.682000000000000273e-01
8.710000000000000000e+02,1.000000000000000000e+00,3.682000000000000273e-01
8.720000000000000000e+02,1.000000000000000000e+00,3.698000000000000176e-01
8.730000000000000000e+02,1.000000000000000000e+00,3.706249999999998712e-01
8.740000000000000000e+02,1.000000000000000000e+00,3.706249999999998712e-01
8.750000000000000000e+02,1.000000000000000000e+00,3.706249999999998712e-01
8.760000000000000000e+02,1.000000000000000000e+00,3.706249999999998712e-01
8.770000000000000000e+02,1.000000000000000000e+00,3.682000000000000273e-01
8.780000000000000000e+02,1.000000000000000000e+00,3.666000000000000369e-01
8.790000000000000000e+02,1.000000000000000000e+00,3.698000000000000176e-01
8.800000000000000000e+02,1.000000000000000000e+00,3.698000000000000176e-01
8.810000000000000000e+02,1.000000000000000000e+00,3.706249999999998712e-01
8.820000000000000000e+02,1.000000000000000000e+00,3.698000000000000176e-01
8.830000000000000000e+02,1.000000000000000000e+00,3.706249999999998712e-01
8.840000000000000000e+02,1.000000000000000000e+00,3.706249999999998712e-01
8.850000000000000000e+02,1.000000000000000000e+00,3.673999999999999488e-01
8.860000000000000000e+02,1.000000000000000000e+00,3.689999999999999392e-01
8.870000000000000000e+02,1.000000000000000000e+00,3.698000000000000176e-01
8.880000000000000000e+02,1.000000000000000000e+00,3.698000000000000176e-01
8.890000000000000000e+02,1.000000000000000000e+00,3.689999999999999392e-01
8.900000000000000000e+02,1.000000000000000000e+00,3.689999999999999392e-01
8.910000000000000000e+02,1.000000000000000000e+00,3.682000000000000273e-01
8.920000000000000000e+02,1.000000000000000000e+00,3.698000000000000176e-01
8.930000000000000000e+02,1.000000000000000000e+00,3.706249999999998712e-01
8.940000000000000000e+02,1.000000000000000000e+00,3.706249999999998712e-01
8.950000000000000000e+02,1.000000000000000000e+00,3.706249999999998712e-01
8.960000000000000000e+02,1.000000000000000000e+00,3.706249999999998712e-01
8.970000000000000000e+02,1.000000000000000000e+00,3.698000000000000176e-01
8.980000000000000000e+02,1.000000000000000000e+00,3.706249999999998712e-01
8.990000000000000000e+02,1.000000000000000000e+00,3.698000000000000176e-01
9.000000000000000000e+02,1.000000000000000000e+00,3.706249999999998712e-01
9.010000000000000000e+02,1.000000000000000000e+00,3.706249999999998712e-01
9.020000000000000000e+02,1.000000000000000000e+00,3.706249999999998712e-01
9.030000000000000000e+02,1.000000000000000000e+00,3.698000000000000176e-01
9.040000000000000000e+02,1.000000000000000000e+00,3.673999999999999488e-01
9.050000000000000000e+02,1.000000000000000000e+00,3.657750000000000168e-01
9.060000000000000000e+02,1.000000000000000000e+00,3.673999999999999488e-01
9.070000000000000000e+02,1.000000000000000000e+00,3.666000000000000369e-01
9.080000000000000000e+02,1.000000000000000000e+00,3.625500000000000389e-01
9.090000000000000000e+02,1.000000000000000000e+00,3.633749999999998925e-01
9.100000000000000000e+02,1.000000000000000000e+00,3.633749999999998925e-01
9.110000000000000000e+02,1.000000000000000000e+00,3.625500000000000389e-01
9.120000000000000000e+02,1.000000000000000000e+00,3.625500000000000389e-01
9.130000000000000000e+02,1.000000000000000000e+00,3.625500000000000389e-01
9.140000000000000000e+02,1.000000000000000000e+00,3.625500000000000389e-01
9.150000000000000000e+02,1.000000000000000000e+00,3.625500000000000389e-01
9.160000000000000000e+02,1.000000000000000000e+00,3.625500000000000389e-01
9.170000000000000000e+02,1.000000000000000000e+00,3.625500000000000389e-01
9.180000000000000000e+02,1.000000000000000000e+00,3.625500000000000389e-01
9.190000000000000000e+02,1.000000000000000000e+00,3.625500000000000389e-01
9.200000000000000000e+02,1.000000000000000000e+00,3.625500000000000389e-01
9.210000000000000000e+02,1.000000000000000000e+00,3.625500000000000389e-01
9.220000000000000000e+02,1.000000000000000000e+00,3.625500000000000389e-01
9.230000000000000000e+02,1.000000000000000000e+00,3.625500000000000389e-01
9.240000000000000000e+02,1.000000000000000000e+00,3.625500000000000389e-01
9.250000000000000000e+02,1.000000000000000000e+00,3.625500000000000389e-01
9.260000000000000000e+02,1.000000000000000000e+00,3.633749999999998925e-01
9.270000000000000000e+02,1.000000000000000000e+00,3.666000000000000369e-01
9.280000000000000000e+02,1.000000000000000000e+00,3.657750000000000168e-01
9.290000000000000000e+02,1.000000000000000000e+00,3.706249999999998712e-01
9.300000000000000000e+02,1.000000000000000000e+00,3.682000000000000273e-01
9.310000000000000000e+02,1.000000000000000000e+00,3.666000000000000369e-01
9.320000000000000000e+02,1.000000000000000000e+00,3.625500000000000389e-01
9.330000000000000000e+02,1.000000000000000000e+00,3.633749999999998925e-01
9.340000000000000000e+02,1.000000000000000000e+00,3.625500000000000389e-01
9.350000000000000000e+02,1.000000000000000000e+00,3.625500000000000389e-01
9.360000000000000000e+02,1.000000000000000000e+00,3.625500000000000389e-01
9.370000000000000000e+02,1.000000000000000000e+00,3.625500000000000389e-01
9.380000000000000000e+02,1.000000000000000000e+00,3.617499999999999605e-01
9.390000000000000000e+02,1.000000000000000000e+00,3.625500000000000389e-01
9.400000000000000000e+02,1.000000000000000000e+00,3.625500000000000389e-01
9.410000000000000000e+02,1.000000000000000000e+00,3.625500000000000389e-01
9.420000000000000000e+02,1.000000000000000000e+00,3.625500000000000389e-01
9.430000000000000000e+02,1.000000000000000000e+00,3.625500000000000389e-01
9.440000000000000000e+02,1.000000000000000000e+00,3.625500000000000389e-01
9.450000000000000000e+02,1.000000000000000000e+00,3.625500000000000389e-01
9.460000000000000000e+02,1.000000000000000000e+00,3.617499999999999605e-01
9.470000000000000000e+02,1.000000000000000000e+00,3.625500000000000389e-01
9.480000000000000000e+02,1.000000000000000000e+00,3.625500000000000389e-01
9.490000000000000000e+02,1.000000000000000000e+00,3.625500000000000389e-01
9.500000000000000000e+02,1.000000000000000000e+00,3.617499999999999605e-01
9.510000000000000000e+02,1.000000000000000000e+00,3.625500000000000389e-01
9.520000000000000000e+02,1.000000000000000000e+00,3.617499999999999605e-01
9.530000000000000000e+02,1.000000000000000000e+00,3.625500000000000389e-01
9.540000000000000000e+02,1.000000000000000000e+00,3.625500000000000389e-01
9.550000000000000000e+02,1.000000000000000000e+00,3.625500000000000389e-01
9.560000000000000000e+02,1.000000000000000000e+00,3.625500000000000389e-01
9.570000000000000000e+02,1.000000000000000000e+00,3.625500000000000389e-01
9.580000000000000000e+02,1.000000000000000000e+00,3.609500000000000486e-01
9.590000000000000000e+02,1.000000000000000000e+00,3.601499999999999702e-01
9.600000000000000000e+02,1.000000000000000000e+00,3.609500000000000486e-01
9.610000000000000000e+02,1.000000000000000000e+00,3.569250000000000478e-01
9.620000000000000000e+02,1.000000000000000000e+00,3.561249999999999138e-01
9.630000000000000000e+02,1.000000000000000000e+00,3.552999999999998937e-01
9.640000000000000000e+02,1.000000000000000000e+00,3.561249999999999138e-01
9.650000000000000000e+02,1.000000000000000000e+00,3.569250000000000478e-01
9.660000000000000000e+02,1.000000000000000000e+00,3.552999999999998937e-01
9.670000000000000000e+02,1.000000000000000000e+00,3.569250000000000478e-01
9.680000000000000000e+02,1.000000000000000000e+00,3.552999999999998937e-01
