t,MV,PV,DV
0.000000000000000000e+00,5.000000000000000000e+01,1.864300000000000068e+01,5.000000000000000000e+01
1.000000000000000000e+00,5.000000000000000000e+01,1.864300000000000068e+01,5.000000000000000000e+01
2.000000000000000000e+00,5.000000000000000000e+01,1.864300000000000068e+01,5.000000000000000000e+01
3.000000000000000000e+00,5.000000000000000000e+01,1.864300000000000068e+01,5.000000000000000000e+01
4.000000000000000000e+00,5.000000000000000000e+01,1.864300000000000068e+01,5.000000000000000000e+01
5.000000000000000000e+00,5.000000000000000000e+01,1.864300000000000068e+01,5.000000000000000000e+01
6.000000000000000000e+00,5.000000000000000000e+01,1.896499999999999986e+01,5.000000000000000000e+01
7.000000000000000000e+00,5.000000000000000000e+01,1.896499999999999986e+01,5.000000000000000000e+01
8.000000000000000000e+00,5.000000000000000000e+01,1.896499999999999986e+01,5.000000000000000000e+01
9.000000000000000000e+00,5.000000000000000000e+01,1.896499999999999986e+01,5.000000000000000000e+01
1.000000000000000000e+01,5.000000000000000000e+01,1.902899999999999991e+01,5.000000000000000000e+01
1.100000000000000000e+01,5.000000000000000000e+01,1.919000000000000128e+01,5.000000000000000000e+01
1.200000000000000000e+01,5.000000000000000000e+01,1.928699999999999903e+01,5.000000000000000000e+01
1.300000000000000000e+01,5.000000000000000000e+01,1.928699999999999903e+01,5.000000000000000000e+01
1.400000000000000000e+01,5.000000000000000000e+01,1.931899999999999906e+01,5.000000000000000000e+01
1.500000000000000000e+01,5.000000000000000000e+01,1.954500000000000171e+01,5.000000000000000000e+01
1.600000000000000000e+01,5.000000000000000000e+01,1.960900000000000176e+01,5.000000000000000000e+01
1.700000000000000000e+01,5.000000000000000000e+01,1.960900000000000176e+01,5.000000000000000000e+01
1.800000000000000000e+01,5.000000000000000000e+01,1.977100000000000080e+01,5.000000000000000000e+01
1.900000000000000000e+01,5.000000000000000000e+01,1.993199999999999861e+01,5.000000000000000000e+01
2.000000000000000000e+01,5.000000000000000000e+01,1.993199999999999861e+01,5.000000000000000000e+01
2.100000000000000000e+01,5.000000000000000000e+01,1.996399999999999864e+01,5.000000000000000000e+01
2.200000000000000000e+01,5.000000000000000000e+01,2.025400000000000134e+01,5.000000000000000000e+01
2.300000000000000000e+01,5.000000000000000000e+01,2.025400000000000134e+01,5.000000000000000000e+01
2.400000000000000000e+01,5.000000000000000000e+01,2.028600000000000136e+01,5.000000000000000000e+01
2.500000000000000000e+01,5.000000000000000000e+01,2.051200000000000045e+01,5.000000000000000000e+01
2.600000000000000000e+01,5.000000000000000000e+01,2.057600000000000051e+01,5.000000000000000000e+01
2.700000000000000000e+01,5.000000000000000000e+01,2.067299999999999827e+01,5.000000000000000000e+01
2.800000000000000000e+01,5.000000000000000000e+01,2.086599999999999966e+01,5.000000000000000000e+01
2.900000000000000000e+01,5.000000000000000000e+01,2.089799999999999969e+01,5.000000000000000000e+01
3.000000000000000000e+01,5.000000000000000000e+01,2.096300000000000097e+01,5.000000000000000000e+01
3.100000000000000000e+01,5.000000000000000000e+01,2.115599999999999881e+01,5.000000000000000000e+01
3.200000000000000000e+01,5.000000000000000000e+01,2.122100000000000009e+01,5.000000000000000000e+01
3.300000000000000000e+01,5.000000000000000000e+01,2.128500000000000014e+01,5.000000000000000000e+01
3.400000000000000000e+01,5.000000000000000000e+01,2.151099999999999923e+01,5.000000000000000000e+01
3.500000000000000000e+01,5.000000000000000000e+01,2.157499999999999929e+01,5.000000000000000000e+01
3.600000000000000000e+01,5.000000000000000000e+01,2.183299999999999841e+01,5.000000000000000000e+01
3.700000000000000000e+01,5.000000000000000000e+01,2.186499999999999844e+01,5.000000000000000000e+01
3.800000000000000000e+01,5.000000000000000000e+01,2.199399999999999977e+01,5.000000000000000000e+01
3.900000000000000000e+01,5.000000000000000000e+01,2.218799999999999883e+01,5.000000000000000000e+01
4.000000000000000000e+01,5.000000000000000000e+01,2.218799999999999883e+01,5.000000000000000000e+01
4.100000000000000000e+01,5.000000000000000000e+01,2.238100000000000023e+01,5.000000000000000000e+01
4.200000000000000000e+01,5.000000000000000000e+01,2.251000000000000156e+01,5.000000000000000000e+01
4.300000000000000000e+01,5.000000000000000000e+01,2.254200000000000159e+01,5.000000000000000000e+01
4.400000000000000000e+01,5.000000000000000000e+01,2.283200000000000074e+01,5.000000000000000000e+01
4.500000000000000000e+01,5.000000000000000000e+01,2.283200000000000074e+01,5.000000000000000000e+01
4.600000000000000000e+01,5.000000000000000000e+01,2.305799999999999983e+01,5.000000000000000000e+01
4.700000000000000000e+01,5.000000000000000000e+01,2.315399999999999991e+01,5.000000000000000000e+01
4.800000000000000000e+01,5.000000000000000000e+01,2.337999999999999901e+01,5.000000000000000000e+01
4.900000000000000000e+01,5.000000000000000000e+01,2.347700000000000031e+01,5.000000000000000000e+01
5.000000000000000000e+01,5.000000000000000000e+01,2.360500000000000043e+01,5.000000000000000000e+01
5.100000000000000000e+01,5.000000000000000000e+01,2.379899999999999949e+01,5.000000000000000000e+01
5.200000000000000000e+01,5.000000000000000000e+01,2.389600000000000080e+01,5.000000000000000000e+01
5.300000000000000000e+01,5.000000000000000000e+01,2.402400000000000091e+01,5.000000000000000000e+01
5.400000000000000000e+01,5.000000000000000000e+01,2.412099999999999866e+01,5.000000000000000000e+01
5.500000000000000000e+01,5.000000000000000000e+01,2.431400000000000006e+01,5.000000000000000000e+01
5.600000000000000000e+01,5.000000000000000000e+01,2.444300000000000139e+01,5.000000000000000000e+01
5.700000000000000000e+01,5.000000000000000000e+01,2.457199999999999918e+01,5.000000000000000000e+01
5.800000000000000000e+01,5.000000000000000000e+01,2.476599999999999824e+01,5.000000000000000000e+01
5.900000000000000000e+01,5.000000000000000000e+01,2.479799999999999827e+01,5.000000000000000000e+01
6.000000000000000000e+01,5.000000000000000000e+01,2.505600000000000094e+01,5.000000000000000000e+01
6.100000000000000000e+01,5.000000000000000000e+01,2.508800000000000097e+01,5.000000000000000000e+01
6.200000000000000000e+01,5.000000000000000000e+01,2.528099999999999881e+01,5.000000000000000000e+01
6.300000000000000000e+01,5.000000000000000000e+01,2.541000000000000014e+01,5.000000000000000000e+01
6.400000000000000000e+01,5.000000000000000000e+01,2.541000000000000014e+01,5.000000000000000000e+01
6.500000000000000000e+01,5.000000000000000000e+01,2.573199999999999932e+01,5.000000000000000000e+01
6.600000000000000000e+01,5.000000000000000000e+01,2.573199999999999932e+01,5.000000000000000000e+01
6.700000000000000000e+01,5.000000000000000000e+01,2.598999999999999844e+01,5.000000000000000000e+01
6.800000000000000000e+01,5.000000000000000000e+01,2.605499999999999972e+01,5.000000000000000000e+01
6.900000000000000000e+01,5.000000000000000000e+01,2.628000000000000114e+01,5.000000000000000000e+01
7.000000000000000000e+01,5.000000000000000000e+01,2.637699999999999889e+01,5.000000000000000000e+01
7.100000000000000000e+01,5.000000000000000000e+01,2.647400000000000020e+01,5.000000000000000000e+01
7.200000000000000000e+01,5.000000000000000000e+01,2.669900000000000162e+01,5.000000000000000000e+01
7.300000000000000000e+01,5.000000000000000000e+01,2.676399999999999935e+01,5.000000000000000000e+01
7.400000000000000000e+01,5.000000000000000000e+01,2.702100000000000080e+01,5.000000000000000000e+01
7.500000000000000000e+01,5.000000000000000000e+01,2.702100000000000080e+01,5.000000000000000000e+01
7.600000000000000000e+01,5.000000000000000000e+01,2.731200000000000117e+01,5.000000000000000000e+01
7.700000000000000000e+01,5.000000000000000000e+01,2.734400000000000119e+01,5.000000000000000000e+01
7.800000000000000000e+01,5.000000000000000000e+01,2.737600000000000122e+01,5.000000000000000000e+01
7.900000000000000000e+01,5.000000000000000000e+01,2.766600000000000037e+01,5.000000000000000000e+01
8.000000000000000000e+01,5.000000000000000000e+01,2.782700000000000173e+01,5.000000000000000000e+01
8.100000000000000000e+01,5.000000000000000000e+01,2.798799999999999955e+01,5.000000000000000000e+01
8.200000000000000000e+01,5.000000000000000000e+01,2.805300000000000082e+01,5.000000000000000000e+01
8.300000000000000000e+01,5.000000000000000000e+01,2.831099999999999994e+01,5.000000000000000000e+01
8.400000000000000000e+01,5.000000000000000000e+01,2.831099999999999994e+01,5.000000000000000000e+01
8.500000000000000000e+01,5.000000000000000000e+01,2.856800000000000139e+01,5.000000000000000000e+01
8.600000000000000000e+01,5.000000000000000000e+01,2.863299999999999912e+01,5.000000000000000000e+01
8.700000000000000000e+01,5.000000000000000000e+01,2.869699999999999918e+01,5.000000000000000000e+01
8.800000000000000000e+01,5.000000000000000000e+01,2.895499999999999829e+01,5.000000000000000000e+01
8.900000000000000000e+01,5.000000000000000000e+01,2.901999999999999957e+01,5.000000000000000000e+01
9.000000000000000000e+01,5.000000000000000000e+01,2.921300000000000097e+01,5.000000000000000000e+01
9.100000000000000000e+01,5.000000000000000000e+01,2.927700000000000102e+01,5.000000000000000000e+01
9.200000000000000000e+01,5.000000000000000000e+01,2.947100000000000009e+01,5.000000000000000000e+01
9.300000000000000000e+01,5.000000000000000000e+01,2.960000000000000142e+01,5.000000000000000000e+01
9.400000000000000000e+01,5.000000000000000000e+01,2.966400000000000148e+01,5.000000000000000000e+01
9.500000000000000000e+01,5.000000000000000000e+01,2.985699999999999932e+01,5.000000000000000000e+01
9.600000000000000000e+01,5.000000000000000000e+01,2.992200000000000060e+01,5.000000000000000000e+01
9.700000000000000000e+01,5.000000000000000000e+01,3.005099999999999838e+01,5.000000000000000000e+01
9.800000000000000000e+01,5.000000000000000000e+01,3.024399999999999977e+01,5.000000000000000000e+01
9.900000000000000000e+01,5.000000000000000000e+01,3.027599999999999980e+01,5.000000000000000000e+01
1.000000000000000000e+02,5.000000000000000000e+01,3.053399999999999892e+01,5.000000000000000000e+01
1.010000000000000000e+02,5.000000000000000000e+01,3.056599999999999895e+01,5.000000000000000000e+01
1.020000000000000000e+02,5.000000000000000000e+01,3.066300000000000026e+01,5.000000000000000000e+01
1.030000000000000000e+02,5.000000000000000000e+01,3.088899999999999935e+01,5.000000000000000000e+01
1.040000000000000000e+02,5.000000000000000000e+01,3.088899999999999935e+01,5.000000000000000000e+01
1.050000000000000000e+02,5.000000000000000000e+01,3.114600000000000080e+01,5.000000000000000000e+01
1.060000000000000000e+02,5.000000000000000000e+01,3.121099999999999852e+01,5.000000000000000000e+01
1.070000000000000000e+02,5.000000000000000000e+01,3.143700000000000117e+01,5.000000000000000000e+01
1.080000000000000000e+02,5.000000000000000000e+01,3.153300000000000125e+01,5.000000000000000000e+01
1.090000000000000000e+02,5.000000000000000000e+01,3.156500000000000128e+01,5.000000000000000000e+01
1.100000000000000000e+02,5.000000000000000000e+01,3.179100000000000037e+01,5.000000000000000000e+01
1.110000000000000000e+02,5.000000000000000000e+01,3.185500000000000043e+01,5.000000000000000000e+01
1.120000000000000000e+02,5.000000000000000000e+01,3.188800000000000168e+01,5.000000000000000000e+01
1.130000000000000000e+02,5.000000000000000000e+01,3.217799999999999727e+01,5.000000000000000000e+01
1.140000000000000000e+02,5.000000000000000000e+01,3.221000000000000085e+01,5.000000000000000000e+01
1.150000000000000000e+02,5.000000000000000000e+01,3.243599999999999994e+01,5.000000000000000000e+01
1.160000000000000000e+02,5.000000000000000000e+01,3.250000000000000000e+01,5.000000000000000000e+01
1.170000000000000000e+02,5.000000000000000000e+01,3.253199999999999648e+01,5.000000000000000000e+01
1.180000000000000000e+02,5.000000000000000000e+01,3.275800000000000267e+01,5.000000000000000000e+01
1.190000000000000000e+02,5.000000000000000000e+01,3.282200000000000273e+01,5.000000000000000000e+01
1.200000000000000000e+02,5.000000000000000000e+01,3.288700000000000045e+01,5.000000000000000000e+01
1.210000000000000000e+02,5.000000000000000000e+01,3.314500000000000313e+01,5.000000000000000000e+01
1.220000000000000000e+02,5.000000000000000000e+01,3.314500000000000313e+01,5.000000000000000000e+01
1.230000000000000000e+02,5.000000000000000000e+01,3.336999999999999744e+01,5.000000000000000000e+01
1.240000000000000000e+02,5.000000000000000000e+01,3.346699999999999875e+01,5.000000000000000000e+01
1.250000000000000000e+02,5.000000000000000000e+01,3.353099999999999881e+01,5.000000000000000000e+01
1.260000000000000000e+02,5.000000000000000000e+01,3.375699999999999790e+01,5.000000000000000000e+01
1.270000000000000000e+02,5.000000000000000000e+01,3.378900000000000148e+01,5.000000000000000000e+01
1.280000000000000000e+02,5.000000000000000000e+01,3.391799999999999926e+01,5.000000000000000000e+01
1.290000000000000000e+02,5.000000000000000000e+01,3.411099999999999710e+01,5.000000000000000000e+01
1.300000000000000000e+02,5.000000000000000000e+01,3.411099999999999710e+01,5.000000000000000000e+01
1.310000000000000000e+02,5.000000000000000000e+01,3.424000000000000199e+01,5.000000000000000000e+01
1.320000000000000000e+02,5.000000000000000000e+01,3.443399999999999750e+01,5.000000000000000000e+01
1.330000000000000000e+02,5.000000000000000000e+01,3.443399999999999750e+01,5.000000000000000000e+01
1.340000000000000000e+02,5.000000000000000000e+01,3.456300000000000239e+01,5.000000000000000000e+01
1.350000000000000000e+02,5.000000000000000000e+01,3.475600000000000023e+01,5.000000000000000000e+01
1.360000000000000000e+02,5.000000000000000000e+01,3.475600000000000023e+01,5.000000000000000000e+01
1.370000000000000000e+02,5.000000000000000000e+01,3.494899999999999807e+01,5.000000000000000000e+01
1.380000000000000000e+02,5.000000000000000000e+01,3.507800000000000296e+01,5.000000000000000000e+01
1.390000000000000000e+02,5.000000000000000000e+01,3.507800000000000296e+01,5.000000000000000000e+01
1.400000000000000000e+02,5.000000000000000000e+01,3.527100000000000080e+01,5.000000000000000000e+01
1.410000000000000000e+02,5.000000000000000000e+01,3.539999999999999858e+01,5.000000000000000000e+01
1.420000000000000000e+02,5.000000000000000000e+01,3.539999999999999858e+01,5.000000000000000000e+01
1.430000000000000000e+02,5.000000000000000000e+01,3.549699999999999989e+01,5.000000000000000000e+01
1.440000000000000000e+02,5.000000000000000000e+01,3.572299999999999898e+01,5.000000000000000000e+01
1.450000000000000000e+02,5.000000000000000000e+01,3.575500000000000256e+01,5.000000000000000000e+01
1.460000000000000000e+02,5.000000000000000000e+01,3.591599999999999682e+01,5.000000000000000000e+01
1.470000000000000000e+02,5.000000000000000000e+01,3.604500000000000171e+01,5.000000000000000000e+01
1.480000000000000000e+02,5.000000000000000000e+01,3.604500000000000171e+01,5.000000000000000000e+01
1.490000000000000000e+02,5.000000000000000000e+01,3.623799999999999955e+01,5.000000000000000000e+01
1.500000000000000000e+02,5.000000000000000000e+01,3.630299999999999727e+01,5.000000000000000000e+01
1.510000000000000000e+02,5.000000000000000000e+01,3.636699999999999733e+01,5.000000000000000000e+01
1.520000000000000000e+02,5.000000000000000000e+01,3.652799999999999869e+01,5.000000000000000000e+01
1.530000000000000000e+02,5.000000000000000000e+01,3.662500000000000000e+01,5.000000000000000000e+01
1.540000000000000000e+02,5.000000000000000000e+01,3.668900000000000006e+01,5.000000000000000000e+01
1.550000000000000000e+02,5.000000000000000000e+01,3.668900000000000006e+01,5.000000000000000000e+01
1.560000000000000000e+02,5.000000000000000000e+01,3.697899999999999920e+01,5.000000000000000000e+01
1.570000000000000000e+02,5.000000000000000000e+01,3.701200000000000045e+01,5.000000000000000000e+01
1.580000000000000000e+02,5.000000000000000000e+01,3.701200000000000045e+01,5.000000000000000000e+01
1.590000000000000000e+02,5.000000000000000000e+01,3.720499999999999829e+01,5.000000000000000000e+01
1.600000000000000000e+02,5.000000000000000000e+01,3.730199999999999960e+01,5.000000000000000000e+01
1.610000000000000000e+02,5.000000000000000000e+01,3.733400000000000318e+01,5.000000000000000000e+01
1.620000000000000000e+02,5.000000000000000000e+01,3.739800000000000324e+01,5.000000000000000000e+01
1.630000000000000000e+02,5.000000000000000000e+01,3.756000000000000227e+01,5.000000000000000000e+01
1.640000000000000000e+02,5.000000000000000000e+01,3.765599999999999881e+01,5.000000000000000000e+01
1.650000000000000000e+02,5.000000000000000000e+01,3.765599999999999881e+01,5.000000000000000000e+01
1.660000000000000000e+02,5.000000000000000000e+01,3.772099999999999653e+01,5.000000000000000000e+01
1.670000000000000000e+02,5.000000000000000000e+01,3.794599999999999795e+01,5.000000000000000000e+01
1.680000000000000000e+02,5.000000000000000000e+01,3.797899999999999920e+01,5.000000000000000000e+01
1.690000000000000000e+02,5.000000000000000000e+01,3.797899999999999920e+01,5.000000000000000000e+01
1.700000000000000000e+02,5.000000000000000000e+01,3.804299999999999926e+01,5.000000000000000000e+01
1.710000000000000000e+02,5.000000000000000000e+01,3.830100000000000193e+01,5.000000000000000000e+01
1.720000000000000000e+02,5.000000000000000000e+01,3.830100000000000193e+01,5.000000000000000000e+01
1.730000000000000000e+02,5.000000000000000000e+01,3.830100000000000193e+01,5.000000000000000000e+01
1.740000000000000000e+02,5.000000000000000000e+01,3.849399999999999977e+01,5.000000000000000000e+01
1.750000000000000000e+02,5.000000000000000000e+01,3.862299999999999756e+01,5.000000000000000000e+01
1.760000000000000000e+02,5.000000000000000000e+01,3.862299999999999756e+01,5.000000000000000000e+01
1.770000000000000000e+02,5.000000000000000000e+01,3.862299999999999756e+01,5.000000000000000000e+01
1.780000000000000000e+02,5.000000000000000000e+01,3.888100000000000023e+01,5.000000000000000000e+01
1.790000000000000000e+02,5.000000000000000000e+01,3.891299999999999670e+01,5.000000000000000000e+01
1.800000000000000000e+02,5.000000000000000000e+01,3.894500000000000028e+01,5.000000000000000000e+01
1.810000000000000000e+02,5.000000000000000000e+01,3.894500000000000028e+01,5.000000000000000000e+01
1.820000000000000000e+02,5.000000000000000000e+01,3.917099999999999937e+01,5.000000000000000000e+01
1.830000000000000000e+02,5.000000000000000000e+01,3.926800000000000068e+01,5.000000000000000000e+01
1.840000000000000000e+02,5.000000000000000000e+01,3.926800000000000068e+01,5.000000000000000000e+01
1.850000000000000000e+02,5.000000000000000000e+01,3.926800000000000068e+01,5.000000000000000000e+01
1.860000000000000000e+02,5.000000000000000000e+01,3.946099999999999852e+01,5.000000000000000000e+01
1.870000000000000000e+02,5.000000000000000000e+01,3.955799999999999983e+01,5.000000000000000000e+01
1.880000000000000000e+02,5.000000000000000000e+01,3.959000000000000341e+01,5.000000000000000000e+01
1.890000000000000000e+02,5.000000000000000000e+01,3.959000000000000341e+01,5.000000000000000000e+01
1.900000000000000000e+02,5.000000000000000000e+01,3.975099999999999767e+01,5.000000000000000000e+01
1.910000000000000000e+02,5.000000000000000000e+01,3.988000000000000256e+01,5.000000000000000000e+01
1.920000000000000000e+02,5.000000000000000000e+01,3.991199999999999903e+01,5.000000000000000000e+01
1.930000000000000000e+02,5.000000000000000000e+01,3.991199999999999903e+01,5.000000000000000000e+01
1.940000000000000000e+02,5.000000000000000000e+01,4.004099999999999682e+01,5.000000000000000000e+01
1.950000000000000000e+02,5.000000000000000000e+01,4.020199999999999818e+01,5.000000000000000000e+01
1.960000000000000000e+02,5.000000000000000000e+01,4.023400000000000176e+01,5.000000000000000000e+01
1.970000000000000000e+02,5.000000000000000000e+01,4.023400000000000176e+01,5.000000000000000000e+01
1.980000000000000000e+02,5.000000000000000000e+01,4.029899999999999949e+01,5.000000000000000000e+01
1.990000000000000000e+02,5.000000000000000000e+01,4.055700000000000216e+01,5.000000000000000000e+01
2.000000000000000000e+02,5.000000000000000000e+01,4.055700000000000216e+01,5.000000000000000000e+01
2.010000000000000000e+02,5.000000000000000000e+01,4.055700000000000216e+01,5.000000000000000000e+01
2.020000000000000000e+02,5.000000000000000000e+01,4.062100000000000222e+01,5.000000000000000000e+01
2.030000000000000000e+02,5.000000000000000000e+01,4.071800000000000352e+01,5.000000000000000000e+01
2.040000000000000000e+02,5.000000000000000000e+01,4.087899999999999778e+01,5.000000000000000000e+01
2.050000000000000000e+02,5.000000000000000000e+01,4.087899999999999778e+01,5.000000000000000000e+01
2.060000000000000000e+02,5.000000000000000000e+01,4.087899999999999778e+01,5.000000000000000000e+01
2.070000000000000000e+02,5.000000000000000000e+01,4.110399999999999920e+01,5.000000000000000000e+01
2.080000000000000000e+02,5.000000000000000000e+01,4.120100000000000051e+01,5.000000000000000000e+01
2.090000000000000000e+02,5.000000000000000000e+01,4.120100000000000051e+01,5.000000000000000000e+01
2.100000000000000000e+02,5.000000000000000000e+01,4.129800000000000182e+01,5.000000000000000000e+01
2.110000000000000000e+02,5.000000000000000000e+01,4.142699999999999960e+01,5.000000000000000000e+01
2.120000000000000000e+02,5.000000000000000000e+01,4.152300000000000324e+01,5.000000000000000000e+01
2.130000000000000000e+02,5.000000000000000000e+01,4.152300000000000324e+01,5.000000000000000000e+01
2.140000000000000000e+02,5.000000000000000000e+01,4.152300000000000324e+01,5.000000000000000000e+01
2.150000000000000000e+02,5.000000000000000000e+01,4.168500000000000227e+01,5.000000000000000000e+01
2.160000000000000000e+02,5.000000000000000000e+01,4.181300000000000239e+01,5.000000000000000000e+01
2.170000000000000000e+02,5.000000000000000000e+01,4.184599999999999653e+01,5.000000000000000000e+01
2.180000000000000000e+02,5.000000000000000000e+01,4.184599999999999653e+01,5.000000000000000000e+01
2.190000000000000000e+02,5.000000000000000000e+01,4.187800000000000011e+01,5.000000000000000000e+01
2.200000000000000000e+02,5.000000000000000000e+01,4.213600000000000279e+01,5.000000000000000000e+01
2.210000000000000000e+02,5.000000000000000000e+01,4.216799999999999926e+01,5.000000000000000000e+01
2.220000000000000000e+02,5.000000000000000000e+01,4.216799999999999926e+01,5.000000000000000000e+01
2.230000000000000000e+02,5.000000000000000000e+01,4.220000000000000284e+01,5.000000000000000000e+01
2.240000000000000000e+02,5.000000000000000000e+01,4.226500000000000057e+01,5.000000000000000000e+01
2.250000000000000000e+02,5.000000000000000000e+01,4.245799999999999841e+01,5.000000000000000000e+01
2.260000000000000000e+02,5.000000000000000000e+01,4.249000000000000199e+01,5.000000000000000000e+01
2.270000000000000000e+02,5.000000000000000000e+01,4.249000000000000199e+01,5.000000000000000000e+01
2.280000000000000000e+02,5.000000000000000000e+01,4.249000000000000199e+01,5.000000000000000000e+01
2.290000000000000000e+02,5.000000000000000000e+01,4.255499999999999972e+01,5.000000000000000000e+01
2.300000000000000000e+02,5.000000000000000000e+01,4.274799999999999756e+01,5.000000000000000000e+01
2.310000000000000000e+02,5.000000000000000000e+01,4.281300000000000239e+01,5.000000000000000000e+01
2.320000000000000000e+02,5.000000000000000000e+01,4.281300000000000239e+01,5.000000000000000000e+01
2.330000000000000000e+02,5.000000000000000000e+01,4.281300000000000239e+01,5.000000000000000000e+01
2.340000000000000000e+02,5.000000000000000000e+01,4.287700000000000244e+01,5.000000000000000000e+01
2.350000000000000000e+02,5.000000000000000000e+01,4.307000000000000028e+01,5.000000000000000000e+01
2.360000000000000000e+02,5.000000000000000000e+01,4.313499999999999801e+01,5.000000000000000000e+01
2.370000000000000000e+02,5.000000000000000000e+01,4.313499999999999801e+01,5.000000000000000000e+01
2.380000000000000000e+02,5.000000000000000000e+01,4.313499999999999801e+01,5.000000000000000000e+01
2.390000000000000000e+02,5.000000000000000000e+01,4.323100000000000165e+01,5.000000000000000000e+01
2.400000000000000000e+02,5.000000000000000000e+01,4.339300000000000068e+01,5.000000000000000000e+01
2.410000000000000000e+02,5.000000000000000000e+01,4.342499999999999716e+01,5.000000000000000000e+01
2.420000000000000000e+02,5.000000000000000000e+01,4.345700000000000074e+01,5.000000000000000000e+01
2.430000000000000000e+02,5.000000000000000000e+01,4.345700000000000074e+01,5.000000000000000000e+01
2.440000000000000000e+02,5.000000000000000000e+01,4.352100000000000080e+01,5.000000000000000000e+01
2.450000000000000000e+02,5.000000000000000000e+01,4.368299999999999983e+01,5.000000000000000000e+01
2.460000000000000000e+02,5.000000000000000000e+01,4.377900000000000347e+01,5.000000000000000000e+01
2.470000000000000000e+02,5.000000000000000000e+01,4.377900000000000347e+01,5.000000000000000000e+01
2.480000000000000000e+02,5.000000000000000000e+01,4.377900000000000347e+01,5.000000000000000000e+01
2.490000000000000000e+02,5.000000000000000000e+01,4.387599999999999767e+01,5.000000000000000000e+01
2.500000000000000000e+02,5.000000000000000000e+01,4.381199999999999761e+01,5.000000000000000000e+01
2.510000000000000000e+02,5.000000000000000000e+01,4.403699999999999903e+01,5.000000000000000000e+01
2.520000000000000000e+02,5.000000000000000000e+01,4.410199999999999676e+01,5.000000000000000000e+01
2.530000000000000000e+02,5.000000000000000000e+01,4.410199999999999676e+01,5.000000000000000000e+01
2.540000000000000000e+02,5.000000000000000000e+01,4.410199999999999676e+01,5.000000000000000000e+01
2.550000000000000000e+02,5.000000000000000000e+01,4.410199999999999676e+01,5.000000000000000000e+01
2.560000000000000000e+02,5.000000000000000000e+01,4.413400000000000034e+01,5.000000000000000000e+01
2.570000000000000000e+02,5.000000000000000000e+01,4.422999999999999687e+01,5.000000000000000000e+01
2.580000000000000000e+02,5.000000000000000000e+01,4.426299999999999812e+01,5.000000000000000000e+01
2.590000000000000000e+02,5.000000000000000000e+01,4.439200000000000301e+01,5.000000000000000000e+01
2.600000000000000000e+02,5.000000000000000000e+01,4.442399999999999949e+01,5.000000000000000000e+01
2.610000000000000000e+02,5.000000000000000000e+01,4.442399999999999949e+01,5.000000000000000000e+01
2.620000000000000000e+02,5.000000000000000000e+01,4.442399999999999949e+01,5.000000000000000000e+01
2.630000000000000000e+02,5.000000000000000000e+01,4.445600000000000307e+01,5.000000000000000000e+01
2.640000000000000000e+02,5.000000000000000000e+01,4.452100000000000080e+01,5.000000000000000000e+01
2.650000000000000000e+02,5.000000000000000000e+01,4.468200000000000216e+01,5.000000000000000000e+01
2.660000000000000000e+02,5.000000000000000000e+01,4.474600000000000222e+01,5.000000000000000000e+01
2.670000000000000000e+02,5.000000000000000000e+01,4.474600000000000222e+01,5.000000000000000000e+01
2.680000000000000000e+02,5.000000000000000000e+01,4.474600000000000222e+01,5.000000000000000000e+01
2.690000000000000000e+02,5.000000000000000000e+01,4.474600000000000222e+01,5.000000000000000000e+01
2.700000000000000000e+02,5.000000000000000000e+01,4.481099999999999994e+01,5.000000000000000000e+01
2.710000000000000000e+02,5.000000000000000000e+01,4.493900000000000006e+01,5.000000000000000000e+01
2.720000000000000000e+02,5.000000000000000000e+01,4.506799999999999784e+01,5.000000000000000000e+01
2.730000000000000000e+02,5.000000000000000000e+01,4.503600000000000136e+01,5.000000000000000000e+01
2.740000000000000000e+02,5.000000000000000000e+01,4.506799999999999784e+01,5.000000000000000000e+01
2.750000000000000000e+02,5.000000000000000000e+01,4.506799999999999784e+01,5.000000000000000000e+01
2.760000000000000000e+02,5.000000000000000000e+01,4.516499999999999915e+01,5.000000000000000000e+01
2.770000000000000000e+02,5.000000000000000000e+01,4.519700000000000273e+01,5.000000000000000000e+01
2.780000000000000000e+02,5.000000000000000000e+01,4.522899999999999920e+01,5.000000000000000000e+01
2.790000000000000000e+02,5.000000000000000000e+01,4.535799999999999699e+01,5.000000000000000000e+01
2.800000000000000000e+02,5.000000000000000000e+01,4.539099999999999824e+01,5.000000000000000000e+01
2.810000000000000000e+02,5.000000000000000000e+01,4.539099999999999824e+01,5.000000000000000000e+01
2.820000000000000000e+02,5.000000000000000000e+01,4.539099999999999824e+01,5.000000000000000000e+01
2.830000000000000000e+02,5.000000000000000000e+01,4.542300000000000182e+01,5.000000000000000000e+01
2.840000000000000000e+02,5.000000000000000000e+01,4.545499999999999829e+01,5.000000000000000000e+01
2.850000000000000000e+02,5.000000000000000000e+01,4.542300000000000182e+01,5.000000000000000000e+01
2.860000000000000000e+02,5.000000000000000000e+01,4.564800000000000324e+01,5.000000000000000000e+01
2.870000000000000000e+02,5.000000000000000000e+01,4.568099999999999739e+01,5.000000000000000000e+01
2.880000000000000000e+02,5.000000000000000000e+01,4.571300000000000097e+01,5.000000000000000000e+01
2.890000000000000000e+02,5.000000000000000000e+01,4.571300000000000097e+01,5.000000000000000000e+01
2.900000000000000000e+02,5.000000000000000000e+01,4.574499999999999744e+01,5.000000000000000000e+01
2.910000000000000000e+02,5.000000000000000000e+01,4.571300000000000097e+01,5.000000000000000000e+01
2.920000000000000000e+02,5.000000000000000000e+01,4.574499999999999744e+01,5.000000000000000000e+01
2.930000000000000000e+02,5.000000000000000000e+01,4.587400000000000233e+01,5.000000000000000000e+01
2.940000000000000000e+02,5.000000000000000000e+01,4.597099999999999653e+01,5.000000000000000000e+01
2.950000000000000000e+02,5.000000000000000000e+01,4.603499999999999659e+01,5.000000000000000000e+01
2.960000000000000000e+02,5.000000000000000000e+01,4.603499999999999659e+01,5.000000000000000000e+01
2.970000000000000000e+02,5.000000000000000000e+01,4.603499999999999659e+01,5.000000000000000000e+01
2.980000000000000000e+02,5.000000000000000000e+01,4.603499999999999659e+01,5.000000000000000000e+01
2.990000000000000000e+02,5.000000000000000000e+01,4.606700000000000017e+01,5.000000000000000000e+01
3.000000000000000000e+02,5.000000000000000000e+01,4.622899999999999920e+01,5.000000000000000000e+01
3.010000000000000000e+02,5.000000000000000000e+01,4.632500000000000284e+01,5.000000000000000000e+01
3.020000000000000000e+02,5.000000000000000000e+01,4.635699999999999932e+01,5.000000000000000000e+01
3.030000000000000000e+02,5.000000000000000000e+01,4.635699999999999932e+01,5.000000000000000000e+01
3.040000000000000000e+02,5.000000000000000000e+01,4.635699999999999932e+01,5.000000000000000000e+01
3.050000000000000000e+02,5.000000000000000000e+01,4.645400000000000063e+01,5.000000000000000000e+01
3.060000000000000000e+02,5.000000000000000000e+01,4.655100000000000193e+01,5.000000000000000000e+01
3.070000000000000000e+02,5.000000000000000000e+01,4.664699999999999847e+01,5.000000000000000000e+01
3.080000000000000000e+02,5.000000000000000000e+01,4.667999999999999972e+01,5.000000000000000000e+01
3.090000000000000000e+02,5.000000000000000000e+01,4.667999999999999972e+01,5.000000000000000000e+01
3.100000000000000000e+02,5.000000000000000000e+01,4.667999999999999972e+01,5.000000000000000000e+01
3.110000000000000000e+02,5.000000000000000000e+01,4.671200000000000330e+01,5.000000000000000000e+01
3.120000000000000000e+02,5.000000000000000000e+01,4.690500000000000114e+01,5.000000000000000000e+01
3.130000000000000000e+02,5.000000000000000000e+01,4.693800000000000239e+01,5.000000000000000000e+01
3.140000000000000000e+02,5.000000000000000000e+01,4.700200000000000244e+01,5.000000000000000000e+01
3.150000000000000000e+02,5.000000000000000000e+01,4.700200000000000244e+01,5.000000000000000000e+01
3.160000000000000000e+02,5.000000000000000000e+01,4.700200000000000244e+01,5.000000000000000000e+01
3.170000000000000000e+02,5.000000000000000000e+01,4.700200000000000244e+01,5.000000000000000000e+01
3.180000000000000000e+02,5.000000000000000000e+01,4.709899999999999665e+01,5.000000000000000000e+01
3.190000000000000000e+02,5.000000000000000000e+01,4.709899999999999665e+01,5.000000000000000000e+01
3.200000000000000000e+02,5.000000000000000000e+01,4.725999999999999801e+01,5.000000000000000000e+01
3.210000000000000000e+02,5.000000000000000000e+01,4.732399999999999807e+01,5.000000000000000000e+01
3.220000000000000000e+02,5.000000000000000000e+01,4.732399999999999807e+01,5.000000000000000000e+01
3.230000000000000000e+02,5.000000000000000000e+01,4.732399999999999807e+01,5.000000000000000000e+01
3.240000000000000000e+02,5.000000000000000000e+01,4.732399999999999807e+01,5.000000000000000000e+01
3.250000000000000000e+02,5.000000000000000000e+01,4.732399999999999807e+01,5.000000000000000000e+01
3.260000000000000000e+02,5.000000000000000000e+01,4.732399999999999807e+01,5.000000000000000000e+01
3.270000000000000000e+02,5.000000000000000000e+01,4.735600000000000165e+01,5.000000000000000000e+01
3.280000000000000000e+02,5.000000000000000000e+01,4.745300000000000296e+01,5.000000000000000000e+01
3.290000000000000000e+02,5.000000000000000000e+01,4.761399999999999721e+01,5.000000000000000000e+01
3.300000000000000000e+02,5.000000000000000000e+01,4.761399999999999721e+01,5.000000000000000000e+01
3.310000000000000000e+02,5.000000000000000000e+01,4.761399999999999721e+01,5.000000000000000000e+01
3.320000000000000000e+02,5.000000000000000000e+01,4.764600000000000080e+01,5.000000000000000000e+01
3.330000000000000000e+02,5.000000000000000000e+01,4.764600000000000080e+01,5.000000000000000000e+01
3.340000000000000000e+02,5.000000000000000000e+01,4.764600000000000080e+01,5.000000000000000000e+01
3.350000000000000000e+02,5.000000000000000000e+01,4.764600000000000080e+01,5.000000000000000000e+01
3.360000000000000000e+02,5.000000000000000000e+01,4.764600000000000080e+01,5.000000000000000000e+01
3.370000000000000000e+02,5.000000000000000000e+01,4.764600000000000080e+01,5.000000000000000000e+01
3.380000000000000000e+02,5.000000000000000000e+01,4.771099999999999852e+01,5.000000000000000000e+01
3.390000000000000000e+02,5.000000000000000000e+01,4.784000000000000341e+01,5.000000000000000000e+01
3.400000000000000000e+02,5.000000000000000000e+01,4.796900000000000119e+01,5.000000000000000000e+01
3.410000000000000000e+02,5.000000000000000000e+01,4.796900000000000119e+01,5.000000000000000000e+01
3.420000000000000000e+02,5.000000000000000000e+01,4.796900000000000119e+01,5.000000000000000000e+01
3.430000000000000000e+02,5.000000000000000000e+01,4.796900000000000119e+01,5.000000000000000000e+01
3.440000000000000000e+02,5.000000000000000000e+01,4.796900000000000119e+01,5.000000000000000000e+01
3.450000000000000000e+02,5.000000000000000000e+01,4.796900000000000119e+01,5.000000000000000000e+01
3.460000000000000000e+02,5.000000000000000000e+01,4.796900000000000119e+01,5.000000000000000000e+01
3.470000000000000000e+02,5.000000000000000000e+01,4.800099999999999767e+01,5.000000000000000000e+01
3.480000000000000000e+02,5.000000000000000000e+01,4.819400000000000261e+01,5.000000000000000000e+01
3.490000000000000000e+02,5.000000000000000000e+01,4.819400000000000261e+01,5.000000000000000000e+01
3.500000000000000000e+02,5.000000000000000000e+01,4.829099999999999682e+01,5.000000000000000000e+01
3.510000000000000000e+02,5.000000000000000000e+01,4.829099999999999682e+01,5.000000000000000000e+01
3.520000000000000000e+02,5.000000000000000000e+01,4.829099999999999682e+01,5.000000000000000000e+01
3.530000000000000000e+02,5.000000000000000000e+01,4.829099999999999682e+01,5.000000000000000000e+01
3.540000000000000000e+02,5.000000000000000000e+01,4.829099999999999682e+01,5.000000000000000000e+01
3.550000000000000000e+02,5.000000000000000000e+01,4.829099999999999682e+01,5.000000000000000000e+01
3.560000000000000000e+02,5.000000000000000000e+01,4.829099999999999682e+01,5.000000000000000000e+01
3.570000000000000000e+02,5.000000000000000000e+01,4.842000000000000171e+01,5.000000000000000000e+01
3.580000000000000000e+02,5.000000000000000000e+01,4.858100000000000307e+01,5.000000000000000000e+01
3.590000000000000000e+02,5.000000000000000000e+01,4.854899999999999949e+01,5.000000000000000000e+01
3.600000000000000000e+02,5.000000000000000000e+01,4.861299999999999955e+01,5.000000000000000000e+01
3.610000000000000000e+02,5.000000000000000000e+01,4.858100000000000307e+01,5.000000000000000000e+01
3.620000000000000000e+02,5.000000000000000000e+01,4.861299999999999955e+01,5.000000000000000000e+01
3.630000000000000000e+02,5.000000000000000000e+01,4.861299999999999955e+01,5.000000000000000000e+01
3.640000000000000000e+02,5.000000000000000000e+01,4.861299999999999955e+01,5.000000000000000000e+01
3.650000000000000000e+02,5.000000000000000000e+01,4.861299999999999955e+01,5.000000000000000000e+01
3.660000000000000000e+02,5.000000000000000000e+01,4.861299999999999955e+01,5.000000000000000000e+01
3.670000000000000000e+02,5.000000000000000000e+01,4.864600000000000080e+01,5.000000000000000000e+01
3.680000000000000000e+02,5.000000000000000000e+01,4.871000000000000085e+01,5.000000000000000000e+01
3.690000000000000000e+02,5.000000000000000000e+01,4.880700000000000216e+01,5.000000000000000000e+01
3.700000000000000000e+02,5.000000000000000000e+01,4.887100000000000222e+01,5.000000000000000000e+01
3.710000000000000000e+02,5.000000000000000000e+01,4.887100000000000222e+01,5.000000000000000000e+01
3.720000000000000000e+02,5.000000000000000000e+01,4.893599999999999994e+01,5.000000000000000000e+01
3.730000000000000000e+02,5.000000000000000000e+01,4.893599999999999994e+01,5.000000000000000000e+01
3.740000000000000000e+02,5.000000000000000000e+01,4.893599999999999994e+01,5.000000000000000000e+01
3.750000000000000000e+02,5.000000000000000000e+01,4.893599999999999994e+01,5.000000000000000000e+01
3.760000000000000000e+02,5.000000000000000000e+01,4.893599999999999994e+01,5.000000000000000000e+01
3.770000000000000000e+02,5.000000000000000000e+01,4.893599999999999994e+01,5.000000000000000000e+01
3.780000000000000000e+02,5.000000000000000000e+01,4.893599999999999994e+01,5.000000000000000000e+01
3.790000000000000000e+02,5.000000000000000000e+01,4.893599999999999994e+01,5.000000000000000000e+01
3.800000000000000000e+02,5.000000000000000000e+01,4.900000000000000000e+01,5.000000000000000000e+01
3.810000000000000000e+02,5.000000000000000000e+01,4.912899999999999778e+01,5.000000000000000000e+01
3.820000000000000000e+02,5.000000000000000000e+01,4.916100000000000136e+01,5.000000000000000000e+01
3.830000000000000000e+02,5.000000000000000000e+01,4.922599999999999909e+01,5.000000000000000000e+01
3.840000000000000000e+02,5.000000000000000000e+01,4.922599999999999909e+01,5.000000000000000000e+01
3.850000000000000000e+02,5.000000000000000000e+01,4.925800000000000267e+01,5.000000000000000000e+01
3.860000000000000000e+02,5.000000000000000000e+01,4.925800000000000267e+01,5.000000000000000000e+01
3.870000000000000000e+02,5.000000000000000000e+01,4.925800000000000267e+01,5.000000000000000000e+01
3.880000000000000000e+02,5.000000000000000000e+01,4.925800000000000267e+01,5.000000000000000000e+01
3.890000000000000000e+02,5.000000000000000000e+01,4.925800000000000267e+01,5.000000000000000000e+01
3.900000000000000000e+02,5.000000000000000000e+01,4.925800000000000267e+01,5.000000000000000000e+01
3.910000000000000000e+02,5.000000000000000000e+01,4.925800000000000267e+01,5.000000000000000000e+01
3.920000000000000000e+02,5.000000000000000000e+01,4.925800000000000267e+01,5.000000000000000000e+01
3.930000000000000000e+02,5.000000000000000000e+01,4.932200000000000273e+01,5.000000000000000000e+01
3.940000000000000000e+02,5.000000000000000000e+01,4.932200000000000273e+01,5.000000000000000000e+01
3.950000000000000000e+02,5.000000000000000000e+01,4.951599999999999824e+01,5.000000000000000000e+01
3.960000000000000000e+02,5.000000000000000000e+01,4.957999999999999829e+01,5.000000000000000000e+01
3.970000000000000000e+02,5.000000000000000000e+01,4.954800000000000182e+01,5.000000000000000000e+01
3.980000000000000000e+02,5.000000000000000000e+01,4.957999999999999829e+01,5.000000000000000000e+01
3.990000000000000000e+02,5.000000000000000000e+01,4.957999999999999829e+01,5.000000000000000000e+01
4.000000000000000000e+02,5.000000000000000000e+01,4.957999999999999829e+01,5.000000000000000000e+01
4.010000000000000000e+02,5.000000000000000000e+01,4.957999999999999829e+01,5.000000000000000000e+01
4.020000000000000000e+02,5.000000000000000000e+01,4.957999999999999829e+01,5.000000000000000000e+01
4.030000000000000000e+02,5.000000000000000000e+01,4.957999999999999829e+01,5.000000000000000000e+01
4.040000000000000000e+02,5.000000000000000000e+01,4.957999999999999829e+01,5.000000000000000000e+01
4.050000000000000000e+02,5.000000000000000000e+01,4.961200000000000188e+01,5.000000000000000000e+01
4.060000000000000000e+02,5.000000000000000000e+01,4.961200000000000188e+01,5.000000000000000000e+01
4.070000000000000000e+02,5.000000000000000000e+01,4.964500000000000313e+01,5.000000000000000000e+01
4.080000000000000000e+02,5.000000000000000000e+01,4.980599999999999739e+01,5.000000000000000000e+01
4.090000000000000000e+02,5.000000000000000000e+01,4.986999999999999744e+01,5.000000000000000000e+01
4.100000000000000000e+02,5.000000000000000000e+01,4.990200000000000102e+01,5.000000000000000000e+01
4.110000000000000000e+02,5.000000000000000000e+01,4.990200000000000102e+01,5.000000000000000000e+01
4.120000000000000000e+02,5.000000000000000000e+01,4.990200000000000102e+01,5.000000000000000000e+01
4.130000000000000000e+02,5.000000000000000000e+01,4.990200000000000102e+01,5.000000000000000000e+01
4.140000000000000000e+02,5.000000000000000000e+01,4.990200000000000102e+01,5.000000000000000000e+01
4.150000000000000000e+02,5.000000000000000000e+01,4.990200000000000102e+01,5.000000000000000000e+01
4.160000000000000000e+02,5.000000000000000000e+01,4.990200000000000102e+01,5.000000000000000000e+01
4.170000000000000000e+02,5.000000000000000000e+01,4.990200000000000102e+01,5.000000000000000000e+01
4.180000000000000000e+02,5.000000000000000000e+01,4.990200000000000102e+01,5.000000000000000000e+01
4.190000000000000000e+02,5.000000000000000000e+01,4.990200000000000102e+01,5.000000000000000000e+01
4.200000000000000000e+02,5.000000000000000000e+01,4.990200000000000102e+01,5.000000000000000000e+01
4.210000000000000000e+02,5.000000000000000000e+01,4.996699999999999875e+01,5.000000000000000000e+01
4.220000000000000000e+02,5.000000000000000000e+01,4.999900000000000233e+01,5.000000000000000000e+01
4.230000000000000000e+02,5.000000000000000000e+01,4.999900000000000233e+01,5.000000000000000000e+01
4.240000000000000000e+02,5.000000000000000000e+01,4.996699999999999875e+01,5.000000000000000000e+01
4.250000000000000000e+02,5.000000000000000000e+01,5.015999999999999659e+01,5.000000000000000000e+01
4.260000000000000000e+02,5.000000000000000000e+01,5.019200000000000017e+01,5.000000000000000000e+01
4.270000000000000000e+02,5.000000000000000000e+01,5.022500000000000142e+01,5.000000000000000000e+01
4.280000000000000000e+02,5.000000000000000000e+01,5.022500000000000142e+01,5.000000000000000000e+01
4.290000000000000000e+02,5.000000000000000000e+01,5.022500000000000142e+01,5.000000000000000000e+01
4.300000000000000000e+02,5.000000000000000000e+01,5.022500000000000142e+01,5.000000000000000000e+01
4.310000000000000000e+02,5.000000000000000000e+01,5.022500000000000142e+01,5.000000000000000000e+01
4.320000000000000000e+02,5.000000000000000000e+01,5.022500000000000142e+01,5.000000000000000000e+01
4.330000000000000000e+02,5.000000000000000000e+01,5.022500000000000142e+01,5.000000000000000000e+01
4.340000000000000000e+02,5.000000000000000000e+01,5.025699999999999790e+01,5.000000000000000000e+01
4.350000000000000000e+02,5.000000000000000000e+01,5.022500000000000142e+01,5.000000000000000000e+01
4.360000000000000000e+02,5.000000000000000000e+01,5.025699999999999790e+01,5.000000000000000000e+01
4.370000000000000000e+02,5.000000000000000000e+01,5.028900000000000148e+01,5.000000000000000000e+01
4.380000000000000000e+02,5.000000000000000000e+01,5.022500000000000142e+01,5.000000000000000000e+01
4.390000000000000000e+02,5.000000000000000000e+01,5.028900000000000148e+01,5.000000000000000000e+01
4.400000000000000000e+02,5.000000000000000000e+01,5.032099999999999795e+01,5.000000000000000000e+01
4.410000000000000000e+02,5.000000000000000000e+01,5.035399999999999920e+01,5.000000000000000000e+01
4.420000000000000000e+02,5.000000000000000000e+01,5.045000000000000284e+01,5.000000000000000000e+01
4.430000000000000000e+02,5.000000000000000000e+01,5.041799999999999926e+01,5.000000000000000000e+01
4.440000000000000000e+02,5.000000000000000000e+01,5.048199999999999932e+01,5.000000000000000000e+01
4.450000000000000000e+02,5.000000000000000000e+01,5.054699999999999704e+01,5.000000000000000000e+01
4.460000000000000000e+02,5.000000000000000000e+01,5.051500000000000057e+01,5.000000000000000000e+01
4.470000000000000000e+02,5.000000000000000000e+01,5.054699999999999704e+01,5.000000000000000000e+01
4.480000000000000000e+02,5.000000000000000000e+01,5.054699999999999704e+01,5.000000000000000000e+01
4.490000000000000000e+02,5.000000000000000000e+01,5.054699999999999704e+01,5.000000000000000000e+01
4.500000000000000000e+02,5.000000000000000000e+01,5.061099999999999710e+01,5.000000000000000000e+01
4.510000000000000000e+02,5.000000000000000000e+01,5.057900000000000063e+01,5.000000000000000000e+01
4.520000000000000000e+02,5.000000000000000000e+01,5.061099999999999710e+01,5.000000000000000000e+01
4.530000000000000000e+02,5.000000000000000000e+01,5.070799999999999841e+01,5.000000000000000000e+01
4.540000000000000000e+02,5.000000000000000000e+01,5.070799999999999841e+01,5.000000000000000000e+01
4.550000000000000000e+02,5.000000000000000000e+01,5.080499999999999972e+01,5.000000000000000000e+01
4.560000000000000000e+02,5.000000000000000000e+01,5.080499999999999972e+01,5.000000000000000000e+01
4.570000000000000000e+02,5.000000000000000000e+01,5.083700000000000330e+01,5.000000000000000000e+01
4.580000000000000000e+02,5.000000000000000000e+01,5.086899999999999977e+01,5.000000000000000000e+01
4.590000000000000000e+02,5.000000000000000000e+01,5.086899999999999977e+01,5.000000000000000000e+01
4.600000000000000000e+02,5.000000000000000000e+01,5.086899999999999977e+01,5.000000000000000000e+01
4.610000000000000000e+02,5.000000000000000000e+01,5.083700000000000330e+01,5.000000000000000000e+01
4.620000000000000000e+02,5.000000000000000000e+01,5.086899999999999977e+01,5.000000000000000000e+01
4.630000000000000000e+02,5.000000000000000000e+01,5.086899999999999977e+01,5.000000000000000000e+01
4.640000000000000000e+02,5.000000000000000000e+01,5.086899999999999977e+01,5.000000000000000000e+01
4.650000000000000000e+02,5.000000000000000000e+01,5.086899999999999977e+01,5.000000000000000000e+01
4.660000000000000000e+02,5.000000000000000000e+01,5.086899999999999977e+01,5.000000000000000000e+01
4.670000000000000000e+02,5.000000000000000000e+01,5.090100000000000335e+01,5.000000000000000000e+01
4.680000000000000000e+02,5.000000000000000000e+01,5.086899999999999977e+01,5.000000000000000000e+01
4.690000000000000000e+02,5.000000000000000000e+01,5.090100000000000335e+01,5.000000000000000000e+01
4.700000000000000000e+02,5.000000000000000000e+01,5.086899999999999977e+01,5.000000000000000000e+01
4.710000000000000000e+02,5.000000000000000000e+01,5.090100000000000335e+01,5.000000000000000000e+01
4.720000000000000000e+02,5.000000000000000000e+01,5.090100000000000335e+01,5.000000000000000000e+01
4.730000000000000000e+02,5.000000000000000000e+01,5.093399999999999750e+01,5.000000000000000000e+01
4.740000000000000000e+02,5.000000000000000000e+01,5.106300000000000239e+01,5.000000000000000000e+01
4.750000000000000000e+02,5.000000000000000000e+01,5.106300000000000239e+01,5.000000000000000000e+01
4.760000000000000000e+02,5.000000000000000000e+01,5.106300000000000239e+01,5.000000000000000000e+01
4.770000000000000000e+02,5.000000000000000000e+01,5.115899999999999892e+01,5.000000000000000000e+01
4.780000000000000000e+02,5.000000000000000000e+01,5.106300000000000239e+01,5.000000000000000000e+01
4.790000000000000000e+02,5.000000000000000000e+01,5.096600000000000108e+01,5.000000000000000000e+01
4.800000000000000000e+02,5.000000000000000000e+01,5.096600000000000108e+01,5.000000000000000000e+01
4.810000000000000000e+02,5.000000000000000000e+01,5.103000000000000114e+01,5.000000000000000000e+01
4.820000000000000000e+02,5.000000000000000000e+01,5.115899999999999892e+01,5.000000000000000000e+01
4.830000000000000000e+02,5.000000000000000000e+01,5.119100000000000250e+01,5.000000000000000000e+01
4.840000000000000000e+02,5.000000000000000000e+01,5.119100000000000250e+01,5.000000000000000000e+01
4.850000000000000000e+02,5.000000000000000000e+01,5.119100000000000250e+01,5.000000000000000000e+01
4.860000000000000000e+02,5.000000000000000000e+01,5.119100000000000250e+01,5.000000000000000000e+01
4.870000000000000000e+02,5.000000000000000000e+01,5.119100000000000250e+01,5.000000000000000000e+01
4.880000000000000000e+02,5.000000000000000000e+01,5.119100000000000250e+01,5.000000000000000000e+01
4.890000000000000000e+02,5.000000000000000000e+01,5.122399999999999665e+01,5.000000000000000000e+01
4.900000000000000000e+02,5.000000000000000000e+01,5.128799999999999670e+01,5.000000000000000000e+01
4.910000000000000000e+02,5.000000000000000000e+01,5.135300000000000153e+01,5.000000000000000000e+01
4.920000000000000000e+02,5.000000000000000000e+01,5.125600000000000023e+01,5.000000000000000000e+01
4.930000000000000000e+02,5.000000000000000000e+01,5.122399999999999665e+01,5.000000000000000000e+01
4.940000000000000000e+02,5.000000000000000000e+01,5.141700000000000159e+01,5.000000000000000000e+01
4.950000000000000000e+02,5.000000000000000000e+01,5.144899999999999807e+01,5.000000000000000000e+01
4.960000000000000000e+02,5.000000000000000000e+01,5.151400000000000290e+01,5.000000000000000000e+01
4.970000000000000000e+02,5.000000000000000000e+01,5.151400000000000290e+01,5.000000000000000000e+01
4.980000000000000000e+02,5.000000000000000000e+01,5.144899999999999807e+01,5.000000000000000000e+01
4.990000000000000000e+02,5.000000000000000000e+01,5.144899999999999807e+01,5.000000000000000000e+01
5.000000000000000000e+02,5.000000000000000000e+01,5.151400000000000290e+01,5.000000000000000000e+01
5.010000000000000000e+02,5.000000000000000000e+01,5.151400000000000290e+01,5.000000000000000000e+01
5.020000000000000000e+02,5.000000000000000000e+01,5.151400000000000290e+01,5.000000000000000000e+01
5.030000000000000000e+02,5.000000000000000000e+01,5.151400000000000290e+01,5.000000000000000000e+01
5.040000000000000000e+02,5.000000000000000000e+01,5.151400000000000290e+01,5.000000000000000000e+01
5.050000000000000000e+02,5.000000000000000000e+01,5.154599999999999937e+01,5.000000000000000000e+01
5.060000000000000000e+02,5.000000000000000000e+01,5.151400000000000290e+01,5.000000000000000000e+01
5.070000000000000000e+02,5.000000000000000000e+01,5.151400000000000290e+01,5.000000000000000000e+01
5.080000000000000000e+02,5.000000000000000000e+01,5.154599999999999937e+01,5.000000000000000000e+01
5.090000000000000000e+02,5.000000000000000000e+01,5.157800000000000296e+01,5.000000000000000000e+01
5.100000000000000000e+02,5.000000000000000000e+01,5.154599999999999937e+01,5.000000000000000000e+01
5.110000000000000000e+02,5.000000000000000000e+01,5.164300000000000068e+01,5.000000000000000000e+01
5.120000000000000000e+02,5.000000000000000000e+01,5.160999999999999943e+01,5.000000000000000000e+01
5.130000000000000000e+02,5.000000000000000000e+01,5.170700000000000074e+01,5.000000000000000000e+01
5.140000000000000000e+02,5.000000000000000000e+01,5.157800000000000296e+01,5.000000000000000000e+01
5.150000000000000000e+02,5.000000000000000000e+01,5.170700000000000074e+01,5.000000000000000000e+01
5.160000000000000000e+02,5.000000000000000000e+01,5.180400000000000205e+01,5.000000000000000000e+01
5.170000000000000000e+02,5.000000000000000000e+01,5.164300000000000068e+01,5.000000000000000000e+01
5.180000000000000000e+02,5.000000000000000000e+01,5.177100000000000080e+01,5.000000000000000000e+01
5.190000000000000000e+02,5.000000000000000000e+01,5.183599999999999852e+01,5.000000000000000000e+01
5.200000000000000000e+02,5.000000000000000000e+01,5.183599999999999852e+01,5.000000000000000000e+01
5.210000000000000000e+02,5.000000000000000000e+01,5.183599999999999852e+01,5.000000000000000000e+01
5.220000000000000000e+02,5.000000000000000000e+01,5.183599999999999852e+01,5.000000000000000000e+01
5.230000000000000000e+02,5.000000000000000000e+01,5.183599999999999852e+01,5.000000000000000000e+01
5.240000000000000000e+02,5.000000000000000000e+01,5.183599999999999852e+01,5.000000000000000000e+01
5.250000000000000000e+02,5.000000000000000000e+01,5.183599999999999852e+01,5.000000000000000000e+01
5.260000000000000000e+02,5.000000000000000000e+01,5.183599999999999852e+01,5.000000000000000000e+01
5.270000000000000000e+02,5.000000000000000000e+01,5.183599999999999852e+01,5.000000000000000000e+01
5.280000000000000000e+02,5.000000000000000000e+01,5.183599999999999852e+01,5.000000000000000000e+01
5.290000000000000000e+02,5.000000000000000000e+01,5.183599999999999852e+01,5.000000000000000000e+01
5.300000000000000000e+02,5.000000000000000000e+01,5.183599999999999852e+01,5.000000000000000000e+01
5.310000000000000000e+02,5.000000000000000000e+01,5.183599999999999852e+01,5.000000000000000000e+01
5.320000000000000000e+02,5.000000000000000000e+01,5.183599999999999852e+01,5.000000000000000000e+01
5.330000000000000000e+02,5.000000000000000000e+01,5.196500000000000341e+01,5.000000000000000000e+01
5.340000000000000000e+02,5.000000000000000000e+01,5.183599999999999852e+01,5.000000000000000000e+01
5.350000000000000000e+02,5.000000000000000000e+01,5.196500000000000341e+01,5.000000000000000000e+01
5.360000000000000000e+02,5.000000000000000000e+01,5.183599999999999852e+01,5.000000000000000000e+01
5.370000000000000000e+02,5.000000000000000000e+01,5.189999999999999858e+01,5.000000000000000000e+01
5.380000000000000000e+02,5.000000000000000000e+01,5.183599999999999852e+01,5.000000000000000000e+01
5.390000000000000000e+02,5.000000000000000000e+01,5.183599999999999852e+01,5.000000000000000000e+01
5.400000000000000000e+02,5.000000000000000000e+01,5.183599999999999852e+01,5.000000000000000000e+01
5.410000000000000000e+02,5.000000000000000000e+01,5.186800000000000210e+01,5.000000000000000000e+01
5.420000000000000000e+02,5.000000000000000000e+01,5.183599999999999852e+01,5.000000000000000000e+01
5.430000000000000000e+02,5.000000000000000000e+01,5.196500000000000341e+01,5.000000000000000000e+01
5.440000000000000000e+02,5.000000000000000000e+01,5.193299999999999983e+01,5.000000000000000000e+01
5.450000000000000000e+02,5.000000000000000000e+01,5.189999999999999858e+01,5.000000000000000000e+01
5.460000000000000000e+02,5.000000000000000000e+01,5.206199999999999761e+01,5.000000000000000000e+01
5.470000000000000000e+02,5.000000000000000000e+01,5.202900000000000347e+01,5.000000000000000000e+01
5.480000000000000000e+02,5.000000000000000000e+01,5.199699999999999989e+01,5.000000000000000000e+01
5.490000000000000000e+02,5.000000000000000000e+01,5.202900000000000347e+01,5.000000000000000000e+01
5.500000000000000000e+02,5.000000000000000000e+01,5.199699999999999989e+01,5.000000000000000000e+01
5.510000000000000000e+02,5.000000000000000000e+01,5.212599999999999767e+01,5.000000000000000000e+01
5.520000000000000000e+02,5.000000000000000000e+01,5.215800000000000125e+01,5.000000000000000000e+01
5.530000000000000000e+02,5.000000000000000000e+01,5.212599999999999767e+01,5.000000000000000000e+01
5.540000000000000000e+02,5.000000000000000000e+01,5.215800000000000125e+01,5.000000000000000000e+01
5.550000000000000000e+02,5.000000000000000000e+01,5.215800000000000125e+01,5.000000000000000000e+01
5.560000000000000000e+02,5.000000000000000000e+01,5.215800000000000125e+01,5.000000000000000000e+01
5.570000000000000000e+02,5.000000000000000000e+01,5.215800000000000125e+01,5.000000000000000000e+01
5.580000000000000000e+02,5.000000000000000000e+01,5.215800000000000125e+01,5.000000000000000000e+01
5.590000000000000000e+02,5.000000000000000000e+01,5.215800000000000125e+01,5.000000000000000000e+01
5.600000000000000000e+02,5.000000000000000000e+01,5.215800000000000125e+01,5.000000000000000000e+01
5.610000000000000000e+02,5.000000000000000000e+01,5.215800000000000125e+01,5.000000000000000000e+01
5.620000000000000000e+02,5.000000000000000000e+01,5.215800000000000125e+01,5.000000000000000000e+01
5.630000000000000000e+02,5.000000000000000000e+01,5.218999999999999773e+01,5.000000000000000000e+01
5.640000000000000000e+02,5.000000000000000000e+01,5.215800000000000125e+01,5.000000000000000000e+01
5.650000000000000000e+02,5.000000000000000000e+01,5.215800000000000125e+01,5.000000000000000000e+01
5.660000000000000000e+02,5.000000000000000000e+01,5.215800000000000125e+01,5.000000000000000000e+01
5.670000000000000000e+02,5.000000000000000000e+01,5.218999999999999773e+01,5.000000000000000000e+01
5.680000000000000000e+02,5.000000000000000000e+01,5.218999999999999773e+01,5.000000000000000000e+01
5.690000000000000000e+02,5.000000000000000000e+01,5.218999999999999773e+01,5.000000000000000000e+01
5.700000000000000000e+02,5.000000000000000000e+01,5.218999999999999773e+01,5.000000000000000000e+01
5.710000000000000000e+02,5.000000000000000000e+01,5.218999999999999773e+01,5.000000000000000000e+01
5.720000000000000000e+02,5.000000000000000000e+01,5.218999999999999773e+01,5.000000000000000000e+01
5.730000000000000000e+02,5.000000000000000000e+01,5.225500000000000256e+01,5.000000000000000000e+01
5.740000000000000000e+02,5.000000000000000000e+01,5.215800000000000125e+01,5.000000000000000000e+01
5.750000000000000000e+02,5.000000000000000000e+01,5.231900000000000261e+01,5.000000000000000000e+01
5.760000000000000000e+02,5.000000000000000000e+01,5.225500000000000256e+01,5.000000000000000000e+01
5.770000000000000000e+02,5.000000000000000000e+01,5.215800000000000125e+01,5.000000000000000000e+01
5.780000000000000000e+02,5.000000000000000000e+01,5.215800000000000125e+01,5.000000000000000000e+01
5.790000000000000000e+02,5.000000000000000000e+01,5.218999999999999773e+01,5.000000000000000000e+01
5.800000000000000000e+02,5.000000000000000000e+01,5.218999999999999773e+01,5.000000000000000000e+01
5.810000000000000000e+02,5.000000000000000000e+01,5.222299999999999898e+01,5.000000000000000000e+01
5.820000000000000000e+02,5.000000000000000000e+01,5.231900000000000261e+01,5.000000000000000000e+01
5.830000000000000000e+02,5.000000000000000000e+01,5.235199999999999676e+01,5.000000000000000000e+01
5.840000000000000000e+02,5.000000000000000000e+01,5.222299999999999898e+01,5.000000000000000000e+01
5.850000000000000000e+02,5.000000000000000000e+01,5.218999999999999773e+01,5.000000000000000000e+01
5.860000000000000000e+02,5.000000000000000000e+01,5.218999999999999773e+01,5.000000000000000000e+01
5.870000000000000000e+02,5.000000000000000000e+01,5.218999999999999773e+01,5.000000000000000000e+01
5.880000000000000000e+02,5.000000000000000000e+01,5.215800000000000125e+01,5.000000000000000000e+01
5.890000000000000000e+02,5.000000000000000000e+01,5.218999999999999773e+01,5.000000000000000000e+01
5.900000000000000000e+02,5.000000000000000000e+01,5.215800000000000125e+01,5.000000000000000000e+01
5.910000000000000000e+02,5.000000000000000000e+01,5.215800000000000125e+01,5.000000000000000000e+01
5.920000000000000000e+02,5.000000000000000000e+01,5.218999999999999773e+01,5.000000000000000000e+01
5.930000000000000000e+02,5.000000000000000000e+01,5.222299999999999898e+01,5.000000000000000000e+01
5.940000000000000000e+02,5.000000000000000000e+01,5.218999999999999773e+01,5.000000000000000000e+01
5.950000000000000000e+02,5.000000000000000000e+01,5.225500000000000256e+01,5.000000000000000000e+01
5.960000000000000000e+02,5.000000000000000000e+01,5.228699999999999903e+01,5.000000000000000000e+01
5.970000000000000000e+02,5.000000000000000000e+01,5.235199999999999676e+01,5.000000000000000000e+01
5.980000000000000000e+02,5.000000000000000000e+01,5.228699999999999903e+01,5.000000000000000000e+01
5.990000000000000000e+02,5.000000000000000000e+01,5.228699999999999903e+01,5.000000000000000000e+01
6.000000000000000000e+02,5.000000000000000000e+01,5.235199999999999676e+01,5.000000000000000000e+01
6.010000000000000000e+02,5.000000000000000000e+01,5.241599999999999682e+01,5.000000000000000000e+01
6.020000000000000000e+02,5.000000000000000000e+01,5.247999999999999687e+01,5.000000000000000000e+01
6.030000000000000000e+02,5.000000000000000000e+01,5.247999999999999687e+01,5.000000000000000000e+01
6.040000000000000000e+02,5.000000000000000000e+01,5.247999999999999687e+01,5.000000000000000000e+01
6.050000000000000000e+02,5.000000000000000000e+01,5.247999999999999687e+01,5.000000000000000000e+01
6.060000000000000000e+02,5.000000000000000000e+01,5.247999999999999687e+01,5.000000000000000000e+01
6.070000000000000000e+02,5.000000000000000000e+01,5.247999999999999687e+01,5.000000000000000000e+01
6.080000000000000000e+02,5.000000000000000000e+01,5.247999999999999687e+01,5.000000000000000000e+01
6.090000000000000000e+02,5.000000000000000000e+01,5.247999999999999687e+01,5.000000000000000000e+01
6.100000000000000000e+02,5.000000000000000000e+01,5.247999999999999687e+01,5.000000000000000000e+01
6.110000000000000000e+02,5.000000000000000000e+01,5.247999999999999687e+01,5.000000000000000000e+01
6.120000000000000000e+02,5.000000000000000000e+01,5.247999999999999687e+01,5.000000000000000000e+01
6.130000000000000000e+02,5.000000000000000000e+01,5.251299999999999812e+01,5.000000000000000000e+01
6.140000000000000000e+02,5.000000000000000000e+01,5.247999999999999687e+01,5.000000000000000000e+01
6.150000000000000000e+02,5.000000000000000000e+01,5.247999999999999687e+01,5.000000000000000000e+01
6.160000000000000000e+02,5.000000000000000000e+01,5.247999999999999687e+01,5.000000000000000000e+01
6.170000000000000000e+02,5.000000000000000000e+01,5.247999999999999687e+01,5.000000000000000000e+01
6.180000000000000000e+02,5.000000000000000000e+01,5.247999999999999687e+01,5.000000000000000000e+01
6.190000000000000000e+02,5.000000000000000000e+01,5.247999999999999687e+01,5.000000000000000000e+01
6.200000000000000000e+02,5.000000000000000000e+01,5.247999999999999687e+01,5.000000000000000000e+01
6.210000000000000000e+02,5.000000000000000000e+01,5.247999999999999687e+01,5.000000000000000000e+01
6.220000000000000000e+02,5.000000000000000000e+01,5.247999999999999687e+01,5.000000000000000000e+01
6.230000000000000000e+02,5.000000000000000000e+01,5.247999999999999687e+01,5.000000000000000000e+01
6.240000000000000000e+02,5.000000000000000000e+01,5.247999999999999687e+01,5.000000000000000000e+01
6.250000000000000000e+02,5.000000000000000000e+01,5.251299999999999812e+01,5.000000000000000000e+01
6.260000000000000000e+02,5.000000000000000000e+01,5.247999999999999687e+01,5.000000000000000000e+01
6.270000000000000000e+02,5.000000000000000000e+01,5.247999999999999687e+01,5.000000000000000000e+01
6.280000000000000000e+02,5.000000000000000000e+01,5.247999999999999687e+01,5.000000000000000000e+01
6.290000000000000000e+02,5.000000000000000000e+01,5.247999999999999687e+01,5.000000000000000000e+01
6.300000000000000000e+02,5.000000000000000000e+01,5.251299999999999812e+01,5.000000000000000000e+01
6.310000000000000000e+02,5.000000000000000000e+01,5.257699999999999818e+01,5.000000000000000000e+01
6.320000000000000000e+02,5.000000000000000000e+01,5.247999999999999687e+01,5.000000000000000000e+01
6.330000000000000000e+02,5.000000000000000000e+01,5.247999999999999687e+01,5.000000000000000000e+01
6.340000000000000000e+02,5.000000000000000000e+01,5.257699999999999818e+01,5.000000000000000000e+01
6.350000000000000000e+02,5.000000000000000000e+01,5.264200000000000301e+01,5.000000000000000000e+01
6.360000000000000000e+02,5.000000000000000000e+01,5.270600000000000307e+01,5.000000000000000000e+01
6.370000000000000000e+02,5.000000000000000000e+01,5.273799999999999955e+01,5.000000000000000000e+01
6.380000000000000000e+02,5.000000000000000000e+01,5.267399999999999949e+01,5.000000000000000000e+01
6.390000000000000000e+02,5.000000000000000000e+01,5.273799999999999955e+01,5.000000000000000000e+01
6.400000000000000000e+02,5.000000000000000000e+01,5.273799999999999955e+01,5.000000000000000000e+01
6.410000000000000000e+02,5.000000000000000000e+01,5.267399999999999949e+01,5.000000000000000000e+01
6.420000000000000000e+02,5.000000000000000000e+01,5.270600000000000307e+01,5.000000000000000000e+01
6.430000000000000000e+02,5.000000000000000000e+01,5.273799999999999955e+01,5.000000000000000000e+01
6.440000000000000000e+02,5.000000000000000000e+01,5.277100000000000080e+01,5.000000000000000000e+01
6.450000000000000000e+02,5.000000000000000000e+01,5.280299999999999727e+01,5.000000000000000000e+01
6.460000000000000000e+02,5.000000000000000000e+01,5.277100000000000080e+01,5.000000000000000000e+01
6.470000000000000000e+02,5.000000000000000000e+01,5.280299999999999727e+01,5.000000000000000000e+01
6.480000000000000000e+02,5.000000000000000000e+01,5.273799999999999955e+01,5.000000000000000000e+01
6.490000000000000000e+02,5.000000000000000000e+01,5.280299999999999727e+01,5.000000000000000000e+01
6.500000000000000000e+02,5.000000000000000000e+01,5.280299999999999727e+01,5.000000000000000000e+01
6.510000000000000000e+02,5.000000000000000000e+01,5.280299999999999727e+01,5.000000000000000000e+01
6.520000000000000000e+02,5.000000000000000000e+01,5.280299999999999727e+01,5.000000000000000000e+01
6.530000000000000000e+02,5.000000000000000000e+01,5.280299999999999727e+01,5.000000000000000000e+01
6.540000000000000000e+02,5.000000000000000000e+01,5.280299999999999727e+01,5.000000000000000000e+01
6.550000000000000000e+02,5.000000000000000000e+01,5.280299999999999727e+01,5.000000000000000000e+01
6.560000000000000000e+02,5.000000000000000000e+01,5.280299999999999727e+01,5.000000000000000000e+01
6.570000000000000000e+02,5.000000000000000000e+01,5.280299999999999727e+01,5.000000000000000000e+01
6.580000000000000000e+02,5.000000000000000000e+01,5.280299999999999727e+01,5.000000000000000000e+01
6.590000000000000000e+02,5.000000000000000000e+01,5.280299999999999727e+01,5.000000000000000000e+01
6.600000000000000000e+02,5.000000000000000000e+01,5.280299999999999727e+01,5.000000000000000000e+01
6.610000000000000000e+02,5.000000000000000000e+01,5.280299999999999727e+01,5.000000000000000000e+01
6.620000000000000000e+02,5.000000000000000000e+01,5.280299999999999727e+01,5.000000000000000000e+01
6.630000000000000000e+02,5.000000000000000000e+01,5.280299999999999727e+01,5.000000000000000000e+01
6.640000000000000000e+02,5.000000000000000000e+01,5.280299999999999727e+01,5.000000000000000000e+01
6.650000000000000000e+02,5.000000000000000000e+01,5.283500000000000085e+01,5.000000000000000000e+01
6.660000000000000000e+02,5.000000000000000000e+01,5.280299999999999727e+01,5.000000000000000000e+01
6.670000000000000000e+02,5.000000000000000000e+01,5.280299999999999727e+01,5.000000000000000000e+01
6.680000000000000000e+02,5.000000000000000000e+01,5.280299999999999727e+01,5.000000000000000000e+01
6.690000000000000000e+02,5.000000000000000000e+01,5.280299999999999727e+01,5.000000000000000000e+01
6.700000000000000000e+02,5.000000000000000000e+01,5.280299999999999727e+01,5.000000000000000000e+01
6.710000000000000000e+02,5.000000000000000000e+01,5.280299999999999727e+01,5.000000000000000000e+01
6.720000000000000000e+02,5.000000000000000000e+01,5.280299999999999727e+01,5.000000000000000000e+01
6.730000000000000000e+02,5.000000000000000000e+01,5.280299999999999727e+01,5.000000000000000000e+01
6.740000000000000000e+02,5.000000000000000000e+01,5.280299999999999727e+01,5.000000000000000000e+01
6.750000000000000000e+02,5.000000000000000000e+01,5.286699999999999733e+01,5.000000000000000000e+01
6.760000000000000000e+02,5.000000000000000000e+01,5.280299999999999727e+01,5.000000000000000000e+01
6.770000000000000000e+02,5.000000000000000000e+01,5.283500000000000085e+01,5.000000000000000000e+01
6.780000000000000000e+02,5.000000000000000000e+01,5.280299999999999727e+01,5.000000000000000000e+01
6.790000000000000000e+02,5.000000000000000000e+01,5.280299999999999727e+01,5.000000000000000000e+01
6.800000000000000000e+02,5.000000000000000000e+01,5.280299999999999727e+01,5.000000000000000000e+01
6.810000000000000000e+02,5.000000000000000000e+01,5.280299999999999727e+01,5.000000000000000000e+01
6.820000000000000000e+02,5.000000000000000000e+01,5.280299999999999727e+01,5.000000000000000000e+01
6.830000000000000000e+02,5.000000000000000000e+01,5.283500000000000085e+01,5.000000000000000000e+01
6.840000000000000000e+02,5.000000000000000000e+01,5.280299999999999727e+01,5.000000000000000000e+01
6.850000000000000000e+02,5.000000000000000000e+01,5.283500000000000085e+01,5.000000000000000000e+01
6.860000000000000000e+02,5.000000000000000000e+01,5.280299999999999727e+01,5.000000000000000000e+01
6.870000000000000000e+02,5.000000000000000000e+01,5.280299999999999727e+01,5.000000000000000000e+01
6.880000000000000000e+02,5.000000000000000000e+01,5.286699999999999733e+01,5.000000000000000000e+01
6.890000000000000000e+02,5.000000000000000000e+01,5.286699999999999733e+01,5.000000000000000000e+01
6.900000000000000000e+02,5.000000000000000000e+01,5.286699999999999733e+01,5.000000000000000000e+01
6.910000000000000000e+02,5.000000000000000000e+01,5.283500000000000085e+01,5.000000000000000000e+01
6.920000000000000000e+02,5.000000000000000000e+01,5.299600000000000222e+01,5.000000000000000000e+01
6.930000000000000000e+02,5.000000000000000000e+01,5.283500000000000085e+01,5.000000000000000000e+01
6.940000000000000000e+02,5.000000000000000000e+01,5.289900000000000091e+01,5.000000000000000000e+01
6.950000000000000000e+02,5.000000000000000000e+01,5.293200000000000216e+01,5.000000000000000000e+01
6.960000000000000000e+02,5.000000000000000000e+01,5.286699999999999733e+01,5.000000000000000000e+01
6.970000000000000000e+02,5.000000000000000000e+01,5.306099999999999994e+01,5.000000000000000000e+01
6.980000000000000000e+02,5.000000000000000000e+01,5.296399999999999864e+01,5.000000000000000000e+01
6.990000000000000000e+02,5.000000000000000000e+01,5.306099999999999994e+01,5.000000000000000000e+01
7.000000000000000000e+02,5.000000000000000000e+01,5.299600000000000222e+01,5.000000000000000000e+01
7.010000000000000000e+02,5.000000000000000000e+01,5.299600000000000222e+01,5.000000000000000000e+01
7.020000000000000000e+02,5.000000000000000000e+01,5.302799999999999869e+01,5.000000000000000000e+01
7.030000000000000000e+02,5.000000000000000000e+01,5.309300000000000352e+01,5.000000000000000000e+01
7.040000000000000000e+02,5.000000000000000000e+01,5.312500000000000000e+01,5.000000000000000000e+01
7.050000000000000000e+02,5.000000000000000000e+01,5.312500000000000000e+01,5.000000000000000000e+01
7.060000000000000000e+02,5.000000000000000000e+01,5.312500000000000000e+01,5.000000000000000000e+01
7.070000000000000000e+02,5.000000000000000000e+01,5.312500000000000000e+01,5.000000000000000000e+01
7.080000000000000000e+02,5.000000000000000000e+01,5.312500000000000000e+01,5.000000000000000000e+01
7.090000000000000000e+02,5.000000000000000000e+01,5.312500000000000000e+01,5.000000000000000000e+01
7.100000000000000000e+02,5.000000000000000000e+01,5.312500000000000000e+01,5.000000000000000000e+01
7.110000000000000000e+02,5.000000000000000000e+01,5.312500000000000000e+01,5.000000000000000000e+01
7.120000000000000000e+02,5.000000000000000000e+01,5.312500000000000000e+01,5.000000000000000000e+01
7.130000000000000000e+02,5.000000000000000000e+01,5.312500000000000000e+01,5.000000000000000000e+01
7.140000000000000000e+02,5.000000000000000000e+01,5.312500000000000000e+01,5.000000000000000000e+01
7.150000000000000000e+02,5.000000000000000000e+01,5.312500000000000000e+01,5.000000000000000000e+01
7.160000000000000000e+02,5.000000000000000000e+01,5.312500000000000000e+01,5.000000000000000000e+01
7.170000000000000000e+02,5.000000000000000000e+01,5.312500000000000000e+01,5.000000000000000000e+01
7.180000000000000000e+02,5.000000000000000000e+01,5.312500000000000000e+01,5.000000000000000000e+01
7.190000000000000000e+02,5.000000000000000000e+01,5.312500000000000000e+01,5.000000000000000000e+01
7.200000000000000000e+02,5.000000000000000000e+01,5.312500000000000000e+01,5.000000000000000000e+01
7.210000000000000000e+02,5.000000000000000000e+01,5.312500000000000000e+01,5.000000000000000000e+01
7.220000000000000000e+02,5.000000000000000000e+01,5.312500000000000000e+01,5.000000000000000000e+01
7.230000000000000000e+02,5.000000000000000000e+01,5.312500000000000000e+01,5.000000000000000000e+01
7.240000000000000000e+02,5.000000000000000000e+01,5.312500000000000000e+01,5.000000000000000000e+01
7.250000000000000000e+02,5.000000000000000000e+01,5.312500000000000000e+01,5.000000000000000000e+01
7.260000000000000000e+02,5.000000000000000000e+01,5.312500000000000000e+01,5.000000000000000000e+01
7.270000000000000000e+02,5.000000000000000000e+01,5.312500000000000000e+01,5.000000000000000000e+01
7.280000000000000000e+02,5.000000000000000000e+01,5.312500000000000000e+01,5.000000000000000000e+01
7.290000000000000000e+02,5.000000000000000000e+01,5.312500000000000000e+01,5.000000000000000000e+01
7.300000000000000000e+02,5.000000000000000000e+01,5.312500000000000000e+01,5.000000000000000000e+01
7.310000000000000000e+02,5.000000000000000000e+01,5.312500000000000000e+01,5.000000000000000000e+01
7.320000000000000000e+02,5.000000000000000000e+01,5.312500000000000000e+01,5.000000000000000000e+01
7.330000000000000000e+02,5.000000000000000000e+01,5.312500000000000000e+01,5.000000000000000000e+01
7.340000000000000000e+02,5.000000000000000000e+01,5.312500000000000000e+01,5.000000000000000000e+01
7.350000000000000000e+02,5.000000000000000000e+01,5.322200000000000131e+01,5.000000000000000000e+01
7.360000000000000000e+02,5.000000000000000000e+01,5.312500000000000000e+01,5.000000000000000000e+01
7.370000000000000000e+02,5.000000000000000000e+01,5.312500000000000000e+01,5.000000000000000000e+01
7.380000000000000000e+02,5.000000000000000000e+01,5.315699999999999648e+01,5.000000000000000000e+01
7.390000000000000000e+02,5.000000000000000000e+01,5.322200000000000131e+01,5.000000000000000000e+01
7.400000000000000000e+02,5.000000000000000000e+01,5.328600000000000136e+01,5.000000000000000000e+01
7.410000000000000000e+02,5.000000000000000000e+01,5.322200000000000131e+01,5.000000000000000000e+01
7.420000000000000000e+02,5.000000000000000000e+01,5.312500000000000000e+01,5.000000000000000000e+01
7.430000000000000000e+02,5.000000000000000000e+01,5.315699999999999648e+01,5.000000000000000000e+01
7.440000000000000000e+02,5.000000000000000000e+01,5.312500000000000000e+01,5.000000000000000000e+01
7.450000000000000000e+02,5.000000000000000000e+01,5.312500000000000000e+01,5.000000000000000000e+01
7.460000000000000000e+02,5.000000000000000000e+01,5.312500000000000000e+01,5.000000000000000000e+01
7.470000000000000000e+02,5.000000000000000000e+01,5.312500000000000000e+01,5.000000000000000000e+01
7.480000000000000000e+02,5.000000000000000000e+01,5.315699999999999648e+01,5.000000000000000000e+01
7.490000000000000000e+02,5.000000000000000000e+01,5.312500000000000000e+01,5.000000000000000000e+01
7.500000000000000000e+02,5.000000000000000000e+01,5.315699999999999648e+01,5.000000000000000000e+01
7.510000000000000000e+02,5.000000000000000000e+01,5.322200000000000131e+01,5.000000000000000000e+01
7.520000000000000000e+02,5.000000000000000000e+01,5.318900000000000006e+01,5.000000000000000000e+01
7.530000000000000000e+02,5.000000000000000000e+01,5.331799999999999784e+01,5.000000000000000000e+01
7.540000000000000000e+02,5.000000000000000000e+01,5.325399999999999778e+01,5.000000000000000000e+01
7.550000000000000000e+02,5.000000000000000000e+01,5.328600000000000136e+01,5.000000000000000000e+01
7.560000000000000000e+02,5.000000000000000000e+01,5.322200000000000131e+01,5.000000000000000000e+01
7.570000000000000000e+02,5.000000000000000000e+01,5.331799999999999784e+01,5.000000000000000000e+01
7.580000000000000000e+02,5.000000000000000000e+01,5.325399999999999778e+01,5.000000000000000000e+01
7.590000000000000000e+02,5.000000000000000000e+01,5.328600000000000136e+01,5.000000000000000000e+01
7.600000000000000000e+02,5.000000000000000000e+01,5.322200000000000131e+01,5.000000000000000000e+01
7.610000000000000000e+02,5.000000000000000000e+01,5.325399999999999778e+01,5.000000000000000000e+01
7.620000000000000000e+02,5.000000000000000000e+01,5.315699999999999648e+01,5.000000000000000000e+01
7.630000000000000000e+02,5.000000000000000000e+01,5.315699999999999648e+01,5.000000000000000000e+01
7.640000000000000000e+02,5.000000000000000000e+01,5.315699999999999648e+01,5.000000000000000000e+01
7.650000000000000000e+02,5.000000000000000000e+01,5.318900000000000006e+01,5.000000000000000000e+01
7.660000000000000000e+02,5.000000000000000000e+01,5.312500000000000000e+01,5.000000000000000000e+01
7.670000000000000000e+02,5.000000000000000000e+01,5.315699999999999648e+01,5.000000000000000000e+01
7.680000000000000000e+02,5.000000000000000000e+01,5.322200000000000131e+01,5.000000000000000000e+01
7.690000000000000000e+02,5.000000000000000000e+01,5.318900000000000006e+01,5.000000000000000000e+01
7.700000000000000000e+02,5.000000000000000000e+01,5.322200000000000131e+01,5.000000000000000000e+01
7.710000000000000000e+02,5.000000000000000000e+01,5.338300000000000267e+01,5.000000000000000000e+01
7.720000000000000000e+02,5.000000000000000000e+01,5.325399999999999778e+01,5.000000000000000000e+01
7.730000000000000000e+02,5.000000000000000000e+01,5.328600000000000136e+01,5.000000000000000000e+01
7.740000000000000000e+02,5.000000000000000000e+01,5.335099999999999909e+01,5.000000000000000000e+01
7.750000000000000000e+02,5.000000000000000000e+01,5.335099999999999909e+01,5.000000000000000000e+01
7.760000000000000000e+02,5.000000000000000000e+01,5.344700000000000273e+01,5.000000000000000000e+01
7.770000000000000000e+02,5.000000000000000000e+01,5.331799999999999784e+01,5.000000000000000000e+01
7.780000000000000000e+02,5.000000000000000000e+01,5.328600000000000136e+01,5.000000000000000000e+01
7.790000000000000000e+02,5.000000000000000000e+01,5.328600000000000136e+01,5.000000000000000000e+01
7.800000000000000000e+02,5.000000000000000000e+01,5.338300000000000267e+01,5.000000000000000000e+01
7.810000000000000000e+02,5.000000000000000000e+01,5.341499999999999915e+01,5.000000000000000000e+01
7.820000000000000000e+02,5.000000000000000000e+01,5.341499999999999915e+01,5.000000000000000000e+01
7.830000000000000000e+02,5.000000000000000000e+01,5.344700000000000273e+01,5.000000000000000000e+01
7.840000000000000000e+02,5.000000000000000000e+01,5.344700000000000273e+01,5.000000000000000000e+01
7.850000000000000000e+02,5.000000000000000000e+01,5.344700000000000273e+01,5.000000000000000000e+01
7.860000000000000000e+02,5.000000000000000000e+01,5.344700000000000273e+01,5.000000000000000000e+01
7.870000000000000000e+02,5.000000000000000000e+01,5.344700000000000273e+01,5.000000000000000000e+01
7.880000000000000000e+02,5.000000000000000000e+01,5.344700000000000273e+01,5.000000000000000000e+01
7.890000000000000000e+02,5.000000000000000000e+01,5.344700000000000273e+01,5.000000000000000000e+01
7.900000000000000000e+02,5.000000000000000000e+01,5.344700000000000273e+01,5.000000000000000000e+01
7.910000000000000000e+02,5.000000000000000000e+01,5.344700000000000273e+01,5.000000000000000000e+01
7.920000000000000000e+02,5.000000000000000000e+01,5.344700000000000273e+01,5.000000000000000000e+01
7.930000000000000000e+02,5.000000000000000000e+01,5.344700000000000273e+01,5.000000000000000000e+01
7.940000000000000000e+02,5.000000000000000000e+01,5.344700000000000273e+01,5.000000000000000000e+01
7.950000000000000000e+02,5.000000000000000000e+01,5.344700000000000273e+01,5.000000000000000000e+01
7.960000000000000000e+02,5.000000000000000000e+01,5.344700000000000273e+01,5.000000000000000000e+01
7.970000000000000000e+02,5.000000000000000000e+01,5.347899999999999920e+01,5.000000000000000000e+01
7.980000000000000000e+02,5.000000000000000000e+01,5.344700000000000273e+01,5.000000000000000000e+01
7.990000000000000000e+02,5.000000000000000000e+01,5.347899999999999920e+01,5.000000000000000000e+01
8.000000000000000000e+02,5.000000000000000000e+01,5.344700000000000273e+01,5.000000000000000000e+01
8.010000000000000000e+02,5.000000000000000000e+01,5.354399999999999693e+01,5.000000000000000000e+01
8.020000000000000000e+02,5.000000000000000000e+01,5.344700000000000273e+01,5.000000000000000000e+01
8.030000000000000000e+02,5.000000000000000000e+01,5.344700000000000273e+01,5.000000000000000000e+01
8.040000000000000000e+02,5.000000000000000000e+01,5.344700000000000273e+01,5.000000000000000000e+01
8.050000000000000000e+02,5.000000000000000000e+01,5.344700000000000273e+01,5.000000000000000000e+01
8.060000000000000000e+02,5.000000000000000000e+01,5.344700000000000273e+01,5.000000000000000000e+01
8.070000000000000000e+02,5.000000000000000000e+01,5.347899999999999920e+01,5.000000000000000000e+01
8.080000000000000000e+02,5.000000000000000000e+01,5.357600000000000051e+01,5.000000000000000000e+01
8.090000000000000000e+02,5.000000000000000000e+01,5.360799999999999699e+01,5.000000000000000000e+01
8.100000000000000000e+02,5.000000000000000000e+01,5.367300000000000182e+01,5.000000000000000000e+01
8.110000000000000000e+02,5.000000000000000000e+01,5.377000000000000313e+01,5.000000000000000000e+01
8.120000000000000000e+02,5.000000000000000000e+01,5.364099999999999824e+01,5.000000000000000000e+01
8.130000000000000000e+02,5.000000000000000000e+01,5.370499999999999829e+01,5.000000000000000000e+01
8.140000000000000000e+02,5.000000000000000000e+01,5.373700000000000188e+01,5.000000000000000000e+01
8.150000000000000000e+02,5.000000000000000000e+01,5.360799999999999699e+01,5.000000000000000000e+01
8.160000000000000000e+02,5.000000000000000000e+01,5.357600000000000051e+01,5.000000000000000000e+01
8.170000000000000000e+02,5.000000000000000000e+01,5.370499999999999829e+01,5.000000000000000000e+01
8.180000000000000000e+02,5.000000000000000000e+01,5.370499999999999829e+01,5.000000000000000000e+01
8.190000000000000000e+02,5.000000000000000000e+01,5.360799999999999699e+01,5.000000000000000000e+01
8.200000000000000000e+02,5.000000000000000000e+01,5.367300000000000182e+01,5.000000000000000000e+01
8.210000000000000000e+02,5.000000000000000000e+01,5.367300000000000182e+01,5.000000000000000000e+01
8.220000000000000000e+02,5.000000000000000000e+01,5.370499999999999829e+01,5.000000000000000000e+01
8.230000000000000000e+02,5.000000000000000000e+01,5.367300000000000182e+01,5.000000000000000000e+01
8.240000000000000000e+02,5.000000000000000000e+01,5.357600000000000051e+01,5.000000000000000000e+01
8.250000000000000000e+02,5.000000000000000000e+01,5.373700000000000188e+01,5.000000000000000000e+01
8.260000000000000000e+02,5.000000000000000000e+01,5.351200000000000045e+01,5.000000000000000000e+01
8.270000000000000000e+02,5.000000000000000000e+01,5.367300000000000182e+01,5.000000000000000000e+01
8.280000000000000000e+02,5.000000000000000000e+01,5.370499999999999829e+01,5.000000000000000000e+01
8.290000000000000000e+02,5.000000000000000000e+01,5.373700000000000188e+01,5.000000000000000000e+01
8.300000000000000000e+02,5.000000000000000000e+01,5.377000000000000313e+01,5.000000000000000000e+01
8.310000000000000000e+02,5.000000000000000000e+01,5.373700000000000188e+01,5.000000000000000000e+01
8.320000000000000000e+02,5.000000000000000000e+01,5.373700000000000188e+01,5.000000000000000000e+01
8.330000000000000000e+02,5.000000000000000000e+01,5.373700000000000188e+01,5.000000000000000000e+01
8.340000000000000000e+02,5.000000000000000000e+01,5.377000000000000313e+01,5.000000000000000000e+01
8.350000000000000000e+02,5.000000000000000000e+01,5.377000000000000313e+01,5.000000000000000000e+01
8.360000000000000000e+02,5.000000000000000000e+01,5.364099999999999824e+01,5.000000000000000000e+01
8.370000000000000000e+02,5.000000000000000000e+01,5.357600000000000051e+01,5.000000000000000000e+01
8.380000000000000000e+02,5.000000000000000000e+01,5.357600000000000051e+01,5.000000000000000000e+01
8.390000000000000000e+02,5.000000000000000000e+01,5.347899999999999920e+01,5.000000000000000000e+01
8.400000000000000000e+02,5.000000000000000000e+01,5.367300000000000182e+01,5.000000000000000000e+01
8.410000000000000000e+02,5.000000000000000000e+01,5.367300000000000182e+01,5.000000000000000000e+01
8.420000000000000000e+02,5.000000000000000000e+01,5.377000000000000313e+01,5.000000000000000000e+01
8.430000000000000000e+02,5.000000000000000000e+01,5.373700000000000188e+01,5.000000000000000000e+01
8.440000000000000000e+02,5.000000000000000000e+01,5.377000000000000313e+01,5.000000000000000000e+01
8.450000000000000000e+02,5.000000000000000000e+01,5.373700000000000188e+01,5.000000000000000000e+01
8.460000000000000000e+02,5.000000000000000000e+01,5.377000000000000313e+01,5.000000000000000000e+01
8.470000000000000000e+02,5.000000000000000000e+01,5.377000000000000313e+01,5.000000000000000000e+01
8.480000000000000000e+02,5.000000000000000000e+01,5.373700000000000188e+01,5.000000000000000000e+01
8.490000000000000000e+02,5.000000000000000000e+01,5.367300000000000182e+01,5.000000000000000000e+01
8.500000000000000000e+02,5.000000000000000000e+01,5.360799999999999699e+01,5.000000000000000000e+01
8.510000000000000000e+02,5.000000000000000000e+01,5.354399999999999693e+01,5.000000000000000000e+01
8.520000000000000000e+02,5.000000000000000000e+01,5.351200000000000045e+01,5.000000000000000000e+01
8.530000000000000000e+02,5.000000000000000000e+01,5.347899999999999920e+01,5.000000000000000000e+01
8.540000000000000000e+02,5.000000000000000000e+01,5.347899999999999920e+01,5.000000000000000000e+01
8.550000000000000000e+02,5.000000000000000000e+01,5.351200000000000045e+01,5.000000000000000000e+01
8.560000000000000000e+02,5.000000000000000000e+01,5.354399999999999693e+01,5.000000000000000000e+01
8.570000000000000000e+02,5.000000000000000000e+01,5.360799999999999699e+01,5.000000000000000000e+01
8.580000000000000000e+02,5.000000000000000000e+01,5.360799999999999699e+01,5.000000000000000000e+01
8.590000000000000000e+02,5.000000000000000000e+01,5.360799999999999699e+01,5.000000000000000000e+01
8.600000000000000000e+02,5.000000000000000000e+01,5.364099999999999824e+01,5.000000000000000000e+01
8.610000000000000000e+02,5.000000000000000000e+01,5.360799999999999699e+01,5.000000000000000000e+01
8.620000000000000000e+02,5.000000000000000000e+01,5.360799999999999699e+01,5.000000000000000000e+01
8.630000000000000000e+02,5.000000000000000000e+01,5.364099999999999824e+01,5.000000000000000000e+01
8.640000000000000000e+02,5.000000000000000000e+01,5.377000000000000313e+01,5.000000000000000000e+01
8.650000000000000000e+02,5.000000000000000000e+01,5.370499999999999829e+01,5.000000000000000000e+01
8.660000000000000000e+02,5.000000000000000000e+01,5.373700000000000188e+01,5.000000000000000000e+01
8.670000000000000000e+02,5.000000000000000000e+01,5.373700000000000188e+01,5.000000000000000000e+01
8.680000000000000000e+02,5.000000000000000000e+01,5.360799999999999699e+01,5.000000000000000000e+01
8.690000000000000000e+02,5.000000000000000000e+01,5.364099999999999824e+01,5.000000000000000000e+01
8.700000000000000000e+02,5.000000000000000000e+01,5.354399999999999693e+01,5.000000000000000000e+01
8.710000000000000000e+02,5.000000000000000000e+01,5.357600000000000051e+01,5.000000000000000000e+01
8.720000000000000000e+02,5.000000000000000000e+01,5.344700000000000273e+01,5.000000000000000000e+01
8.730000000000000000e+02,5.000000000000000000e+01,5.357600000000000051e+01,5.000000000000000000e+01
8.740000000000000000e+02,5.000000000000000000e+01,5.364099999999999824e+01,5.000000000000000000e+01
8.750000000000000000e+02,5.000000000000000000e+01,5.370499999999999829e+01,5.000000000000000000e+01
8.760000000000000000e+02,5.000000000000000000e+01,5.373700000000000188e+01,5.000000000000000000e+01
8.770000000000000000e+02,5.000000000000000000e+01,5.377000000000000313e+01,5.000000000000000000e+01
8.780000000000000000e+02,5.000000000000000000e+01,5.377000000000000313e+01,5.000000000000000000e+01
8.790000000000000000e+02,5.000000000000000000e+01,5.377000000000000313e+01,5.000000000000000000e+01
8.800000000000000000e+02,5.000000000000000000e+01,5.377000000000000313e+01,5.000000000000000000e+01
8.810000000000000000e+02,5.000000000000000000e+01,5.377000000000000313e+01,5.000000000000000000e+01
8.820000000000000000e+02,5.000000000000000000e+01,5.377000000000000313e+01,5.000000000000000000e+01
8.830000000000000000e+02,5.000000000000000000e+01,5.377000000000000313e+01,5.000000000000000000e+01
8.840000000000000000e+02,5.000000000000000000e+01,5.377000000000000313e+01,5.000000000000000000e+01
8.850000000000000000e+02,5.000000000000000000e+01,5.377000000000000313e+01,5.000000000000000000e+01
8.860000000000000000e+02,5.000000000000000000e+01,5.377000000000000313e+01,5.000000000000000000e+01
8.870000000000000000e+02,5.000000000000000000e+01,5.380199999999999960e+01,5.000000000000000000e+01
8.880000000000000000e+02,5.000000000000000000e+01,5.377000000000000313e+01,5.000000000000000000e+01
8.890000000000000000e+02,5.000000000000000000e+01,5.377000000000000313e+01,5.000000000000000000e+01
8.900000000000000000e+02,5.000000000000000000e+01,5.377000000000000313e+01,5.000000000000000000e+01
8.910000000000000000e+02,5.000000000000000000e+01,5.377000000000000313e+01,5.000000000000000000e+01
8.920000000000000000e+02,5.000000000000000000e+01,5.380199999999999960e+01,5.000000000000000000e+01
8.930000000000000000e+02,5.000000000000000000e+01,5.377000000000000313e+01,5.000000000000000000e+01
8.940000000000000000e+02,5.000000000000000000e+01,5.377000000000000313e+01,5.000000000000000000e+01
8.950000000000000000e+02,5.000000000000000000e+01,5.377000000000000313e+01,5.000000000000000000e+01
8.960000000000000000e+02,5.000000000000000000e+01,5.377000000000000313e+01,5.000000000000000000e+01
8.970000000000000000e+02,5.000000000000000000e+01,5.377000000000000313e+01,5.000000000000000000e+01
8.980000000000000000e+02,5.000000000000000000e+01,5.377000000000000313e+01,5.000000000000000000e+01
8.990000000000000000e+02,5.000000000000000000e+01,5.377000000000000313e+01,5.000000000000000000e+01
9.000000000000000000e+02,5.000000000000000000e+01,5.377000000000000313e+01,5.000000000000000000e+01
9.010000000000000000e+02,5.000000000000000000e+01,5.377000000000000313e+01,5.000000000000000000e+01
9.020000000000000000e+02,5.000000000000000000e+01,5.377000000000000313e+01,5.000000000000000000e+01
9.030000000000000000e+02,5.000000000000000000e+01,5.377000000000000313e+01,5.000000000000000000e+01
9.040000000000000000e+02,5.000000000000000000e+01,5.377000000000000313e+01,5.000000000000000000e+01
9.050000000000000000e+02,5.000000000000000000e+01,5.377000000000000313e+01,5.000000000000000000e+01
9.060000000000000000e+02,5.000000000000000000e+01,5.377000000000000313e+01,5.000000000000000000e+01
9.070000000000000000e+02,5.000000000000000000e+01,5.380199999999999960e+01,5.000000000000000000e+01
9.080000000000000000e+02,5.000000000000000000e+01,5.377000000000000313e+01,5.000000000000000000e+01
9.090000000000000000e+02,5.000000000000000000e+01,5.377000000000000313e+01,5.000000000000000000e+01
9.100000000000000000e+02,5.000000000000000000e+01,5.380199999999999960e+01,5.000000000000000000e+01
9.110000000000000000e+02,5.000000000000000000e+01,5.386599999999999966e+01,5.000000000000000000e+01
9.120000000000000000e+02,5.000000000000000000e+01,5.383400000000000318e+01,5.000000000000000000e+01
9.130000000000000000e+02,5.000000000000000000e+01,5.383400000000000318e+01,5.000000000000000000e+01
9.140000000000000000e+02,5.000000000000000000e+01,5.386599999999999966e+01,5.000000000000000000e+01
9.150000000000000000e+02,5.000000000000000000e+01,5.386599999999999966e+01,5.000000000000000000e+01
9.160000000000000000e+02,5.000000000000000000e+01,5.380199999999999960e+01,5.000000000000000000e+01
9.170000000000000000e+02,5.000000000000000000e+01,5.393099999999999739e+01,5.000000000000000000e+01
9.180000000000000000e+02,5.000000000000000000e+01,5.402700000000000102e+01,5.000000000000000000e+01
9.190000000000000000e+02,5.000000000000000000e+01,5.406000000000000227e+01,5.000000000000000000e+01
9.200000000000000000e+02,5.000000000000000000e+01,5.396300000000000097e+01,5.000000000000000000e+01
9.210000000000000000e+02,5.000000000000000000e+01,5.399499999999999744e+01,5.000000000000000000e+01
9.220000000000000000e+02,5.000000000000000000e+01,5.402700000000000102e+01,5.000000000000000000e+01
9.230000000000000000e+02,5.000000000000000000e+01,5.406000000000000227e+01,5.000000000000000000e+01
9.240000000000000000e+02,5.000000000000000000e+01,5.406000000000000227e+01,5.000000000000000000e+01
9.250000000000000000e+02,5.000000000000000000e+01,5.409199999999999875e+01,5.000000000000000000e+01
9.260000000000000000e+02,5.000000000000000000e+01,5.409199999999999875e+01,5.000000000000000000e+01
9.270000000000000000e+02,5.000000000000000000e+01,5.402700000000000102e+01,5.000000000000000000e+01
9.280000000000000000e+02,5.000000000000000000e+01,5.406000000000000227e+01,5.000000000000000000e+01
9.290000000000000000e+02,5.000000000000000000e+01,5.409199999999999875e+01,5.000000000000000000e+01
9.300000000000000000e+02,5.000000000000000000e+01,5.409199999999999875e+01,5.000000000000000000e+01
9.310000000000000000e+02,5.000000000000000000e+01,5.406000000000000227e+01,5.000000000000000000e+01
9.320000000000000000e+02,5.000000000000000000e+01,5.409199999999999875e+01,5.000000000000000000e+01
9.330000000000000000e+02,5.000000000000000000e+01,5.409199999999999875e+01,5.000000000000000000e+01
9.340000000000000000e+02,5.000000000000000000e+01,5.409199999999999875e+01,5.000000000000000000e+01
9.350000000000000000e+02,5.000000000000000000e+01,5.409199999999999875e+01,5.000000000000000000e+01
9.360000000000000000e+02,5.000000000000000000e+01,5.409199999999999875e+01,5.000000000000000000e+01
9.370000000000000000e+02,5.000000000000000000e+01,5.406000000000000227e+01,5.000000000000000000e+01
9.380000000000000000e+02,5.000000000000000000e+01,5.409199999999999875e+01,5.000000000000000000e+01
9.390000000000000000e+02,5.000000000000000000e+01,5.409199999999999875e+01,5.000000000000000000e+01
9.400000000000000000e+02,5.000000000000000000e+01,5.409199999999999875e+01,5.000000000000000000e+01
9.410000000000000000e+02,5.000000000000000000e+01,5.406000000000000227e+01,5.000000000000000000e+01
9.420000000000000000e+02,5.000000000000000000e+01,5.406000000000000227e+01,5.000000000000000000e+01
9.430000000000000000e+02,5.000000000000000000e+01,5.402700000000000102e+01,5.000000000000000000e+01
9.440000000000000000e+02,5.000000000000000000e+01,5.409199999999999875e+01,5.000000000000000000e+01
9.450000000000000000e+02,5.000000000000000000e+01,5.409199999999999875e+01,5.000000000000000000e+01
9.460000000000000000e+02,5.000000000000000000e+01,5.406000000000000227e+01,5.000000000000000000e+01
9.470000000000000000e+02,5.000000000000000000e+01,5.409199999999999875e+01,5.000000000000000000e+01
9.480000000000000000e+02,5.000000000000000000e+01,5.409199999999999875e+01,5.000000000000000000e+01
9.490000000000000000e+02,5.000000000000000000e+01,5.409199999999999875e+01,5.000000000000000000e+01
9.500000000000000000e+02,5.000000000000000000e+01,5.409199999999999875e+01,5.000000000000000000e+01
9.510000000000000000e+02,5.000000000000000000e+01,5.409199999999999875e+01,5.000000000000000000e+01
9.520000000000000000e+02,5.000000000000000000e+01,5.409199999999999875e+01,5.000000000000000000e+01
9.530000000000000000e+02,5.000000000000000000e+01,5.409199999999999875e+01,5.000000000000000000e+01
9.540000000000000000e+02,5.000000000000000000e+01,5.409199999999999875e+01,5.000000000000000000e+01
9.550000000000000000e+02,5.000000000000000000e+01,5.409199999999999875e+01,5.000000000000000000e+01
9.560000000000000000e+02,5.000000000000000000e+01,5.409199999999999875e+01,5.000000000000000000e+01
9.570000000000000000e+02,5.000000000000000000e+01,5.409199999999999875e+01,5.000000000000000000e+01
9.580000000000000000e+02,5.000000000000000000e+01,5.409199999999999875e+01,5.000000000000000000e+01
9.590000000000000000e+02,5.000000000000000000e+01,5.409199999999999875e+01,5.000000000000000000e+01
9.600000000000000000e+02,5.000000000000000000e+01,5.409199999999999875e+01,5.000000000000000000e+01
9.610000000000000000e+02,5.000000000000000000e+01,5.409199999999999875e+01,5.000000000000000000e+01
9.620000000000000000e+02,5.000000000000000000e+01,5.409199999999999875e+01,5.000000000000000000e+01
9.630000000000000000e+02,5.000000000000000000e+01,5.409199999999999875e+01,5.000000000000000000e+01
9.640000000000000000e+02,5.000000000000000000e+01,5.409199999999999875e+01,5.000000000000000000e+01
9.650000000000000000e+02,5.000000000000000000e+01,5.409199999999999875e+01,5.000000000000000000e+01
9.660000000000000000e+02,5.000000000000000000e+01,5.406000000000000227e+01,5.000000000000000000e+01
9.670000000000000000e+02,5.000000000000000000e+01,5.402700000000000102e+01,5.000000000000000000e+01
9.680000000000000000e+02,5.000000000000000000e+01,5.396300000000000097e+01,5.000000000000000000e+01
9.690000000000000000e+02,5.000000000000000000e+01,5.399499999999999744e+01,5.000000000000000000e+01
9.700000000000000000e+02,5.000000000000000000e+01,5.386599999999999966e+01,5.000000000000000000e+01
9.710000000000000000e+02,5.000000000000000000e+01,5.389800000000000324e+01,5.000000000000000000e+01
9.720000000000000000e+02,5.000000000000000000e+01,5.396300000000000097e+01,5.000000000000000000e+01
9.730000000000000000e+02,5.000000000000000000e+01,5.393099999999999739e+01,5.000000000000000000e+01
9.740000000000000000e+02,5.000000000000000000e+01,5.380199999999999960e+01,5.000000000000000000e+01
9.750000000000000000e+02,5.000000000000000000e+01,5.380199999999999960e+01,5.000000000000000000e+01
9.760000000000000000e+02,5.000000000000000000e+01,5.389800000000000324e+01,5.000000000000000000e+01
9.770000000000000000e+02,5.000000000000000000e+01,5.383400000000000318e+01,5.000000000000000000e+01
9.780000000000000000e+02,5.000000000000000000e+01,5.393099999999999739e+01,5.000000000000000000e+01
9.790000000000000000e+02,5.000000000000000000e+01,5.402700000000000102e+01,5.000000000000000000e+01
9.800000000000000000e+02,5.000000000000000000e+01,5.396300000000000097e+01,5.000000000000000000e+01
9.810000000000000000e+02,5.000000000000000000e+01,5.399499999999999744e+01,5.000000000000000000e+01
9.820000000000000000e+02,5.000000000000000000e+01,5.399499999999999744e+01,5.000000000000000000e+01
9.830000000000000000e+02,5.000000000000000000e+01,5.399499999999999744e+01,5.000000000000000000e+01
9.840000000000000000e+02,5.000000000000000000e+01,5.409199999999999875e+01,5.000000000000000000e+01
9.850000000000000000e+02,5.000000000000000000e+01,5.406000000000000227e+01,5.000000000000000000e+01
9.860000000000000000e+02,5.000000000000000000e+01,5.399499999999999744e+01,5.000000000000000000e+01
9.870000000000000000e+02,5.000000000000000000e+01,5.409199999999999875e+01,5.000000000000000000e+01
9.880000000000000000e+02,5.000000000000000000e+01,5.409199999999999875e+01,5.000000000000000000e+01
9.890000000000000000e+02,5.000000000000000000e+01,5.409199999999999875e+01,5.000000000000000000e+01
9.900000000000000000e+02,5.000000000000000000e+01,5.406000000000000227e+01,5.000000000000000000e+01
9.910000000000000000e+02,5.000000000000000000e+01,5.406000000000000227e+01,5.000000000000000000e+01
9.920000000000000000e+02,5.000000000000000000e+01,5.399499999999999744e+01,5.000000000000000000e+01
9.930000000000000000e+02,5.000000000000000000e+01,5.402700000000000102e+01,5.000000000000000000e+01
